0.00644739233059954
0.00644739233059954
0.00644739233059954
0.00644739233059954
0.00644739233059954
0.00644739233059954
0.208652891869716
0.208652891869716
0.208652891869716
0.208652891869716
0.208652891869716
0.208652891869716
0.208652891869716
0.208652891869716
0.208652891869716
0.208652891869716
0.208652891869716
0.208652891869716
-0.371789130595286
-0.371789130595286
-0.371789130595286
-0.371789130595286
-0.371789130595286
-0.371789130595286
-0.371789130595286
-0.371789130595286
0.333966467718373
0.333966467718373
0.333966467718373
0.333966467718373
0.333966467718373
0.333966467718373
0.333966467718373
0.333966467718373
0.333966467718373
0.333966467718373
0.333966467718373
0.333966467718373
0.333966467718373
0.333966467718373
0.333966467718373
0.333966467718373
0.333966467718373
0.333966467718373
0.333966467718373
0.333966467718373
0.333966467718373
0.333966467718373
0.333966467718373
0.333966467718373
0.207623724060847
0.207623724060847
0.207623724060847
0.207623724060847
0.207623724060847
0.207623724060847
0.207623724060847
0.207623724060847
0.207623724060847
0.207623724060847
0.207623724060847
0.207623724060847
0.207623724060847
0.207623724060847
0.207623724060847
0.207623724060847
0.207623724060847
0.207623724060847
0.207623724060847
0.207623724060847
0.207623724060847
0.207623724060847
0.207623724060847
0.207623724060847
