0.000001
-0.000006
0.000119
-0.000502
-0.000168
0.000010
-0.000003
0.000011
-0.000069
-0.000093
-0.000122
-0.000037
0.000062
-0.000041
-0.000002
-0.000001
0.000001
-0.000003
0.000001
0.000001
-0.000064
-0.000005
0.000068
0.000047
0.000000
0.000005
-0.000004
0.000005
0.000005
-0.000002
-0.000005
0.000000
-0.000001
-0.000062
0.000490
-0.000088
-0.000003
0.000004
0.000001
0.000094
-0.000196
-0.000020
-0.000002
-0.000078
-0.000002
-0.000001
0.000001
-0.000002
-0.000002
-0.000002
-0.000001
0.000046
-0.000015
-0.000050
-0.000024
0.000001
-0.000002
0.000001
-0.000001
0.000000
0.000008
0.000001
0.000001
-0.000008
0.000201
-0.000947
-0.000569
0.000004
-0.000010
0.000003
-0.000108
0.000156
-0.000081
-0.000260
0.000313
-0.000145
0.000005
0.000004
0.000000
-0.000001
-0.000002
0.000032
-0.000027
0.000059
0.000123
0.000063
-0.000004
0.000007
-0.000009
0.000004
-0.000002
0.000002
-0.000011
0.000000
-0.000001
-0.000258
0.001078
0.000546
0.000005
-0.000004
0.000003
-0.000431
-0.000361
-0.000420
0.000116
0.001005
0.000284
0.000009
0.000011
-0.000001
-0.000005
-0.000007
0.000054
0.000192
-0.000184
-0.000091
-0.000314
0.000011
-0.000013
0.000003
0.000016
0.000004
0.000011
-0.000016
0.000001
-0.000003
-0.000098
0.001099
0.000197
0.000017
-0.000002
0.000015
0.000454
0.000006
0.000529
-0.000051
0.000137
0.000000
-0.000001
0.000001
0.000002
-0.000011
0.000003
-0.000045
-0.000030
0.000081
-0.000256
0.000080
-0.000002
0.000003
0.000005
-0.000005
-0.000001
-0.000010
0.000008
0.000000
-0.000001
-0.000031
0.000359
-0.000317
-0.000001
0.000001
0.000001
0.000031
-0.000154
-0.000031
-0.000012
0.000123
0.000009
0.000000
0.000001
-0.000002
-0.000002
-0.000002
-0.000013
0.000023
-0.000008
-0.000024
-0.000024
0.000002
-0.000001
0.000002
0.000001
0.000001
0.000002
0.000004
0.000001
-0.000008
0.000202
-0.000935
0.000350
0.000001
-0.000002
-0.000002
-0.000336
0.000028
-0.000197
0.000205
0.000129
0.000190
0.000004
0.000004
-0.000002
0.000002
-0.000007
0.000072
-0.000082
0.000142
0.000006
0.000232
0.000007
0.000004
-0.000001
-0.000002
-0.000006
0.000006
-0.000005
0.000000
-0.000000
-0.000068
0.000544
-0.000417
0.000004
0.000002
0.000003
-0.000163
-0.000214
-0.000162
0.000562
0.000213
0.000414
0.000001
0.000002
-0.000001
-0.000004
-0.000001
0.000068
0.000084
-0.000026
-0.000038
-0.000057
-0.000000
-0.000005
-0.000003
0.000005
0.000000
0.000002
-0.000006
0.000001
-0.000002
0.000053
-0.000205
0.000422
-0.000000
-0.000003
-0.000001
0.000023
0.000020
0.000022
-0.000063
-0.000204
-0.000099
0.000002
0.000001
-0.000001
-0.000001
0.000001
-0.000009
-0.000021
0.000016
0.000040
-0.000001
0.000002
0.000002
-0.000000
0.000001
-0.000002
0.000002
-0.000003
0.000001
-0.000002
0.000032
-0.000146
-0.000564
-0.000001
0.000000
-0.000000
-0.000034
0.000017
-0.000017
0.000163
-0.000014
0.000110
-0.000002
-0.000001
0.000000
-0.000000
0.000001
0.000042
0.000019
0.000017
0.000004
0.000005
0.000002
0.000001
-0.000000
0.000001
-0.000001
0.000001
-0.000001
0.000000
0.000007
0.000014
-0.000004
-0.000001
-0.000002
0.000000
-0.000001
0.000009
0.000073
0.000114
-0.000002
-0.000001
-0.000001
-0.000015
0.000035
0.000002
-0.000051
-0.000024
-0.000046
-0.000001
-0.000001
0.000000
-0.000001
0.000001
-0.000023
0.000002
-0.000016
0.000016
-0.000035
0.000001
0.000001
0.000000
0.000000
0.000000
-0.000001
0.000001
0.000000
-0.000001
-0.000002
0.000097
-0.000153
0.000001
-0.000001
0.000001
-0.000091
0.000031
-0.000044
0.000055
-0.000030
0.000031
0.000002
0.000002
-0.000001
-0.000004
0.000001
-0.000033
-0.000027
-0.000006
-0.000001
0.000022
-0.000000
0.000001
-0.000001
0.000001
-0.000001
-0.000002
0.000000
0.000000
-0.000000
-0.000055
0.000485
0.000075
0.000009
-0.000004
0.000002
-0.000321
0.000218
-0.000131
-0.000040
-0.000167
-0.000087
0.000000
0.000001
-0.000001
-0.000004
0.000000
-0.000153
-0.000060
-0.000072
-0.000009
-0.000011
0.000004
0.000005
-0.000005
0.000005
-0.000004
-0.000005
-0.000004
0.000002
-0.000018
-0.000029
0.000001
0.000002
0.000001
-0.000000
0.000055
-0.000028
0.000004
-0.000007
0.000005
0.000004
-0.000004
0.000031
0.000000
-0.000001
0.000001
0.000013
-0.000018
0.000041
-0.000010
0.000000
-0.000012
0.000003
0.000045
0.000045
-0.000001
-0.000009
-0.000002
0.000003
0.000015
0.000004
-0.000001
-0.000001
-0.000001
-0.000000
0.000005
-0.000022
-0.000004
0.000000
-0.000002
-0.000000
0.000001
-0.000021
0.000089
-0.000111
0.000002
0.000002
0.000002
-0.000031
0.000006
-0.000018
-0.000029
-0.000042
-0.000046
-0.000001
0.000001
-0.000001
-0.000001
-0.000000
0.000001
-0.000005
0.000004
-0.000009
0.000009
-0.000001
-0.000001
0.000001
0.000002
0.000002
-0.000004
0.000002
-0.000007
-0.000063
-0.000128
-0.000029
0.000016
-0.000015
0.027296
0.038121
0.002489
-0.003205
0.001067
-0.000056
0.000140
-0.000039
0.000166
-0.000546
0.000133
0.000318
0.000043
0.000280
0.000009
0.000012
0.000006
-0.000035
0.000004
-0.000092
-0.000130
-0.000016
0.000246
0.000021
0.000004
-0.000015
0.000001
0.000007
-0.000009
0.000021
-0.000013
