0.000000
-0.000001
-0.000003
0.000095
0.000306
0.000001
0.000000
0.000000
0.000023
0.000015
0.000031
0.000059
-0.000005
0.000105
-0.000000
0.000000
-0.000001
-0.000002
0.000000
-0.000006
0.000012
-0.000003
0.000004
-0.000014
-0.000003
-0.000001
0.000000
-0.000001
0.000000
0.000000
0.000000
0.000000
-0.000002
0.000012
0.000017
-0.000154
0.000000
-0.000002
0.000001
0.000057
0.000025
0.000062
-0.000023
0.000139
0.000010
-0.000001
0.000000
-0.000001
-0.000001
-0.000000
-0.000011
-0.000021
0.000008
-0.000011
0.000027
-0.000002
0.000000
-0.000000
0.000000
-0.000001
-0.000000
0.000000
0.000000
-0.000001
-0.000022
0.000254
0.000477
-0.000004
0.000004
-0.000002
0.000149
-0.000142
0.000102
0.000115
-0.000484
-0.000001
0.000000
0.000003
-0.000002
-0.000003
-0.000002
-0.000081
-0.000053
-0.000032
0.000021
-0.000050
0.000001
-0.000003
0.000003
-0.000004
0.000002
-0.000003
0.000006
0.000000
0.000000
-0.000079
0.000700
0.000113
-0.000011
0.000008
-0.000007
0.000569
-0.000226
0.000378
0.000301
-0.001088
-0.000000
-0.000002
0.000002
-0.000003
-0.000006
0.000003
0.000034
-0.000001
0.000048
-0.000181
0.000182
-0.000003
-0.000006
0.000005
-0.000014
-0.000003
0.000012
0.000003
-0.000000
-0.000002
0.000032
-0.000126
-0.000354
0.000003
0.000000
0.000003
-0.000031
-0.000005
-0.000026
-0.000019
-0.000123
-0.000098
0.000000
-0.000001
0.000001
0.000001
-0.000003
0.000015
0.000016
0.000004
0.000022
0.000002
0.000003
0.000000
0.000002
0.000003
0.000001
-0.000003
0.000003
-0.000000
-0.000002
0.000006
0.000168
0.000480
-0.000000
-0.000003
-0.000002
0.000129
-0.000008
0.000104
0.000006
-0.000207
-0.000081
0.000001
0.000000
0.000000
-0.000001
0.000001
-0.000014
-0.000009
0.000006
-0.000034
0.000032
-0.000001
-0.000001
0.000000
-0.000002
-0.000002
0.000002
0.000001
0.000002
-0.000009
0.000258
-0.001304
-0.000966
-0.000005
0.000009
-0.000003
0.000352
-0.000551
0.000111
-0.000021
0.001338
0.000344
0.000004
0.000007
0.000002
-0.000003
-0.000002
-0.000197
-0.000176
-0.000025
0.000324
-0.000118
0.000009
0.000001
0.000000
0.000003
-0.000010
0.000017
-0.000015
0.000001
-0.000002
-0.000083
0.000624
-0.000829
0.000001
0.000009
0.000002
-0.000022
-0.000453
-0.000114
-0.000482
0.001088
-0.000050
-0.000002
0.000003
-0.000003
-0.000001
-0.000003
0.000095
0.000120
-0.000053
-0.000027
-0.000145
0.000009
-0.000004
0.000006
0.000007
-0.000001
0.000009
-0.000007
0.000001
-0.000003
0.000049
-0.000228
-0.000987
-0.000000
-0.000002
-0.000001
0.000111
-0.000038
0.000082
-0.000176
0.000337
0.000003
0.000000
-0.000000
0.000000
-0.000000
0.000002
-0.000024
-0.000011
-0.000017
0.000063
-0.000060
0.000000
-0.000000
0.000001
-0.000001
-0.000002
0.000003
-0.000000
-0.000000
-0.000002
0.000055
-0.000185
0.000998
0.000000
-0.000000
-0.000000
-0.000035
-0.000009
-0.000026
0.000004
-0.000487
-0.000120
-0.000001
-0.000001
-0.000001
0.000000
-0.000002
0.000036
0.000009
0.000035
0.000033
0.000008
0.000003
0.000000
-0.000000
0.000000
-0.000002
0.000004
-0.000003
0.000002
0.000062
0.000105
-0.000006
-0.000010
-0.000006
0.000001
-0.000003
-0.000030
0.000545
-0.000293
-0.000005
0.000003
-0.000003
-0.000094
-0.000175
-0.000106
0.000284
-0.000273
0.000092
0.000003
0.000003
-0.000002
-0.000006
0.000003
0.000023
0.000058
-0.000030
0.000005
-0.000086
-0.000002
-0.000003
-0.000003
0.000000
-0.000002
0.000003
-0.000007
0.000001
-0.000006
0.000113
-0.000349
-0.000012
-0.000004
0.000003
-0.000001
-0.000117
-0.000258
-0.000155
-0.000121
-0.000498
-0.000241
0.000001
0.000004
-0.000002
0.000002
-0.000004
0.000002
-0.000089
0.000056
0.000003
0.000122
0.000003
0.000004
0.000004
-0.000003
-0.000001
0.000005
0.000004
0.000003
-0.000013
-0.000146
0.000185
0.001296
0.000001
-0.000001
0.000001
-0.000042
-0.000667
-0.000252
-0.000540
0.001329
0.000100
0.000006
0.000021
-0.000008
-0.000004
-0.000022
0.000200
0.000342
-0.000087
-0.000030
-0.000338
0.000019
-0.000034
0.000006
0.000033
0.000010
0.000035
-0.000015
0.000001
0.000011
0.000019
0.000003
-0.000001
0.000003
0.000001
0.000011
0.000022
0.000001
0.000001
0.000002
-0.000000
0.000003
-0.000041
0.000002
0.000001
0.000002
0.000002
-0.000016
-0.000034
-0.000001
-0.000001
-0.000001
0.000002
0.000002
-0.000019
0.000006
-0.000005
0.000002
0.000006
-0.000006
-0.000106
0.000003
-0.000003
0.000001
0.000003
0.000026
-0.000113
-0.000011
0.000001
-0.000008
0.037474
0.055044
0.003074
-0.002620
0.001106
-0.000062
0.000170
0.000012
0.000062
-0.000517
-0.000129
0.000026
0.000044
0.000040
0.000001
0.000011
-0.000007
-0.000012
-0.000009
-0.000013
-0.000080
0.000045
0.000065
0.000068
0.000006
-0.000008
0.000003
-0.000000
-0.000004
0.000023
-0.000010
0.000055
0.000178
-0.000114
0.000072
-0.000007
0.000052
-0.000000
0.000001
-0.000023
0.000167
-0.000519
-0.000003
0.000002
0.000001
0.000013
-0.000005
-0.000003
-0.000229
-0.000139
-0.000210
-0.000000
0.000001
-0.000003
-0.000004
0.000002
0.000007
-0.000001
0.000017
0.000004
0.000001
-0.000000
-0.000002
0.000000
0.000001
0.000002
-0.000002
0.000001
