0.000004
-0.000029
0.000574
-0.002425
-0.000813
0.000046
-0.000013
0.000054
-0.000333
-0.000448
-0.000587
-0.000181
0.000300
-0.000195
-0.000012
-0.000006
0.000006
-0.000015
0.000006
0.000003
-0.000312
-0.000027
0.000329
0.000226
0.000000
0.000024
-0.000018
0.000024
0.000024
-0.000012
-0.000024
0.000001
-0.000004
-0.000300
0.002366
-0.000425
-0.000014
0.000021
0.000004
0.000457
-0.000946
-0.000099
-0.000010
-0.000375
-0.000011
-0.000006
0.000006
-0.000009
-0.000009
-0.000009
-0.000006
0.000223
-0.000071
-0.000244
-0.000118
0.000006
-0.000009
0.000006
-0.000003
0.000000
0.000038
0.000006
0.000006
-0.000041
0.000974
-0.004577
-0.002752
0.000018
-0.000051
0.000012
-0.000523
0.000752
-0.000394
-0.001256
0.001514
-0.000703
0.000026
0.000021
0.000000
-0.000003
-0.000009
0.000153
-0.000129
0.000285
0.000594
0.000306
-0.000021
0.000035
-0.000041
0.000021
-0.000009
0.000012
-0.000053
0.000001
-0.000005
-0.001245
0.005212
0.002638
0.000022
-0.000021
0.000015
-0.002086
-0.001744
-0.002031
0.000561
0.004858
0.001373
0.000044
0.000053
-0.000003
-0.000024
-0.000035
0.000261
0.000926
-0.000891
-0.000441
-0.001517
0.000053
-0.000062
0.000015
0.000079
0.000018
0.000053
-0.000079
0.000006
-0.000015
-0.000475
0.005311
0.000949
0.000081
-0.000009
0.000071
0.002192
0.000026
0.002556
-0.000248
0.000660
0.000000
-0.000006
0.000006
0.000009
-0.000053
0.000015
-0.000218
-0.000144
0.000391
-0.001238
0.000388
-0.000012
0.000015
0.000024
-0.000024
-0.000006
-0.000047
0.000038
0.000000
-0.000006
-0.000149
0.001733
-0.001531
-0.000003
0.000006
0.000004
0.000149
-0.000744
-0.000149
-0.000059
0.000597
0.000045
0.000000
0.000006
-0.000009
-0.000009
-0.000012
-0.000062
0.000109
-0.000038
-0.000118
-0.000118
0.000009
-0.000003
0.000009
0.000003
0.000003
0.000009
0.000018
0.000007
-0.000040
0.000976
-0.004519
0.001693
0.000003
-0.000009
-0.000008
-0.001623
0.000135
-0.000952
0.000990
0.000624
0.000921
0.000018
0.000021
-0.000009
0.000009
-0.000035
0.000350
-0.000394
0.000685
0.000029
0.001120
0.000035
0.000018
-0.000003
-0.000009
-0.000029
0.000029
-0.000026
0.000001
-0.000001
-0.000327
0.002628
-0.002017
0.000020
0.000011
0.000014
-0.000786
-0.001032
-0.000783
0.002715
0.001029
0.002002
0.000006
0.000012
-0.000006
-0.000018
-0.000003
0.000326
0.000406
-0.000126
-0.000185
-0.000276
-0.000000
-0.000026
-0.000015
0.000024
0.000000
0.000012
-0.000029
0.000003
-0.000012
0.000255
-0.000992
0.002040
-0.000001
-0.000013
-0.000004
0.000111
0.000098
0.000108
-0.000306
-0.000988
-0.000477
0.000009
0.000003
-0.000003
-0.000006
0.000003
-0.000041
-0.000100
0.000079
0.000194
-0.000003
0.000012
0.000012
-0.000000
0.000006
-0.000009
0.000009
-0.000015
0.000003
-0.000008
0.000153
-0.000706
-0.002726
-0.000004
0.000002
-0.000001
-0.000165
0.000082
-0.000080
0.000788
-0.000068
0.000532
-0.000012
-0.000006
0.000000
-0.000000
0.000003
0.000203
0.000091
0.000082
0.000021
0.000023
0.000009
0.000003
-0.000000
0.000003
-0.000003
0.000003
-0.000006
0.000002
0.000031
0.000067
-0.000018
-0.000003
-0.000012
0.000001
-0.000005
0.000044
0.000352
0.000550
-0.000009
-0.000003
-0.000005
-0.000074
0.000170
0.000009
-0.000248
-0.000115
-0.000222
-0.000003
-0.000003
0.000000
-0.000003
0.000003
-0.000112
0.000009
-0.000079
0.000079
-0.000168
0.000003
0.000003
0.000000
0.000000
-0.000000
-0.000003
0.000003
0.000002
-0.000004
-0.000010
0.000469
-0.000737
0.000007
-0.000007
0.000002
-0.000440
0.000149
-0.000215
0.000265
-0.000147
0.000149
0.000009
0.000009
-0.000003
-0.000018
0.000003
-0.000162
-0.000129
-0.000029
-0.000006
0.000106
-0.000000
0.000003
-0.000006
0.000003
-0.000003
-0.000009
0.000000
0.000001
-0.000001
-0.000264
0.002344
0.000362
0.000042
-0.000018
0.000011
-0.001549
0.001055
-0.000635
-0.000194
-0.000808
-0.000421
0.000000
0.000006
-0.000003
-0.000018
0.000000
-0.000738
-0.000288
-0.000350
-0.000044
-0.000053
0.000021
0.000026
-0.000026
0.000024
-0.000018
-0.000026
-0.000021
0.000012
-0.000085
-0.000138
0.000006
0.000009
0.000003
-0.000000
0.000264
-0.000136
0.000018
-0.000035
0.000024
0.000018
-0.000017
0.000150
0.000000
-0.000006
0.000003
0.000065
-0.000085
0.000196
-0.000050
-0.000000
-0.000056
0.000015
0.000218
0.000218
-0.000003
-0.000041
-0.000009
0.000015
0.000070
0.000021
-0.000003
-0.000006
-0.000006
-0.000002
0.000025
-0.000105
-0.000018
0.000000
-0.000009
-0.000001
0.000005
-0.000100
0.000429
-0.000535
0.000011
0.000009
0.000010
-0.000151
0.000027
-0.000084
-0.000141
-0.000203
-0.000223
-0.000006
0.000003
-0.000006
-0.000003
-0.000000
0.000006
-0.000023
0.000021
-0.000044
0.000044
-0.000003
-0.000006
0.000003
0.000012
0.000012
-0.000018
0.000012
-0.000032
-0.000305
-0.000617
-0.000141
0.000077
-0.000073
0.131919
0.184240
0.012030
-0.015491
0.005159
-0.000272
0.000677
-0.000189
0.000804
-0.002637
0.000643
0.001539
0.000209
0.001351
0.000041
0.000059
0.000029
-0.000171
0.000018
-0.000444
-0.000626
-0.000077
0.001191
0.000103
0.000021
-0.000071
0.000006
0.000032
-0.000044
0.000100
-0.000062
