0.000565574877804484,0.000338644291770681,0.00025880501973828
0.000793215169979903,0.00047715480333996,0.00035969086445537
0.000963423780834303,0.000582226564022336,0.00043299384860902
0.00110322060279569,0.000669784580829284,0.000491499813817389
0.00122317334524752,0.000746020421108996,0.000540277364221781
0.0013287533317979,0.000814120765952662,0.000581985941937671
0.00142324177652766,0.000875985215107783,0.000618241558680145
0.00150879714819863,0.000932855716387884,0.000650120964243313
0.00158693331563644,0.000985597892810034,0.000678388673872456
0.00165876336761735,0.00103484417669758,0.000703613353315512
0.00172513595860783,0.0010810736709537,0.000726233260042658
0.00178671703660387,0.0011246599107823,0.00074659569297612
0.00184404156747978,0.0011659010223832,0.000764982106888189
0.00189754773493861,0.00120503961782598,0.000781624819511187
0.00194760038343461,0.00124227640056521,0.000796718536335084
0.00199450758082054,0.00127777975522408,0.000810428546505377
0.00203853262515093,0.00131169268296271,0.000822896704729164
0.00207990294411297,0.00134413792954795,0.000834245896257448
0.00211881682004541,0.00137522185098319,0.000844583435443547
0.00215544855895186,0.00140503737734472,0.000854003697518404
0.00218995252384861,0.0014336663196138,0.000862590187967664
0.00222246632457651,0.00146118118938643,0.000870417192063387
0.00225311337115825,0.00148764665171322,0.000877551105970648
0.00228200494012013,0.00151312069771184,0.000884051522880806
0.00230924186332864,0.0015376556003852,0.000889972128229571
0.00233491592083398,0.00156129870076311,0.000895361444368517
0.00235911099914556,0.00158409305983091,0.0009002634552388
0.00238190406180115,0.00160607800326121,0.000904718134447399
0.00240336596837944,0.0016272895797583,0.00090876189487191
0.00242356217012838,0.00164776094920859,0.00091242797397951
0.00244255330437243,0.00166752271335849,0.000915746766068884
0.00246039570528925,0.00168660319909949,0.000918746110369611
0.00247714184512919,0.00170502870241465,0.000921451542180036
0.00249284071722435,0.00172282369946943,0.000923886512860444
0.00250753817000029,0.00174001103010262,0.000926072583426
0.00252127719952021,0.00175661205800706,0.000928029595636328
0.00253409820675536,0.00177264681112281,0.000929775823803169
0.00254603922470551,0.00178813410515214,0.000931328109993999
0.00255713611963184,0.00180309165261366,0.000932701984871089
0.00256742276996684,0.00181753615945319,0.000933911776048781
0.00257693122589664,0.00183148341090459,0.000934970705559145
0.00258569185214492,0.0018449483480279,0.000935890977776976
0.00259373345610319,0.00185794513613316,0.000936683858954955
0.00260108340313396,0.00187048722611744,0.000937359749355868
0.00260776772060856,0.00188258740959234,0.000937928248829803
0.00261381119201996,0.00189425786855325,0.000938398216568487
0.00261923744232535,0.00190551022023729,0.00093877782567218
0.00262406901551659,0.00191635555772718,0.000939074613080105
0.00262832744528382,0.00192680448678437,0.000939295525347045
0.00263203331952564,0.00193686715933082,0.000939446960687341
0.00263520633936265,0.00194655330394472,0.000939534807657094
0.00263786537322966,0.00195587225368975,0.000939564480800381
0.00264002850655131,0.00196483297155719,0.000939540953548872
0.00264171308744481,0.00197344407376695,0.000939468788628947
0.0026429357688423,0.00198171385114352,0.0009393521662044
0.00264371254737842,0.00198965028875847,0.000939194909956193
0.00264405879935115,0.00199726108400779,0.000939000511279662
0.00264398931402823,0.00200455366327466,0.000938772151761372
0.00264351832454222,0.00201153519731049,0.000938512724079229
0.00264265953659156,0.00201821261545323,0.000938224851457143
0.00264142615514059,0.00202459261878859,0.000937910905790985
0.00263983090929351,0.00203068169234922,0.000937573024551822
0.00263788607549698,0.00203648611643653,0.000937213126562015
0.00263560349921243,0.00204201197714144,0.000936832926731437
0.00263299461518421,0.00204726517613251,0.00093643394983194
0.00263007046641748,0.00205225143977325,0.000936017543382199
0.00262684172196901,0.00205697632762419,0.000935584889708019
0.00262331869364443,0.00206144524038011,0.000935137017237764
0.00261951135168612,0.00206566342728788,0.000934674811087083
0.00261542933952912,0.00206963599308631,0.000934199022983349
0.00261108198769466,0.0020733679045052,0.00093371028057475
0.0026064783268852,0.00207686399635809,0.000933209096166848
0.00260162710033889,0.00208012897725925,0.000932695874924127
0.00259653677549691,0.00208316743499347,0.000932170922573292
0.00259121555503169,0.00208598384156427,0.000931634452640009
0.00258567138728101,0.00208858255794419,0.000931086593249888
0.00257991197612846,0.0020909678385486,0.000930527393521458
0.00257394479036777,0.00209314383545302,0.000929956829576905
0.00256777707258537,0.00209511460237161,0.000929374810194943
0.00256141584759289,0.00209688409841397,0.000928781182127423
0.00255486793043895,0.00209845619163514,0.000928175735100606
0.00254813993402654,0.00209983466239301,0.000927558206520489
0.00254123827636179,0.00210102320652607,0.000926928285899508
0.00253416918745611,0.00210202543836339,0.000926285619021629
0.00252693871590366,0.00210284489357796,0.000925629811861232
0.00251955273515337,0.00210348503189329,0.000924960434269933
0.00251201694949409,0.00210394923965304,0.000924277023445203
0.00250433689976951,0.00210424083226198,0.000923579087193308
0.0024965179688387,0.00210436305650683,0.000922866106998005
0.00248856538679696,0.00210431909276376,0.00092213754090668
0.00248048423597033,0.00210411205710022,0.000921392826243469
0.0024722794556968,0.00210374500327711,0.000920631382159837
0.00246395584690551,0.00210322092465717,0.000919852612031076
0.00245551807650547,0.0021025427560255,0.000919055905707635
0.00244697068159377,0.00210171337532725,0.000918240641629135
0.00243831807349291,0.00210073560532703,0.000917406188808771
0.00242956454162632,0.00209961221519501,0.000916551908694887
0.00242071425724046,0.0020983459220235,0.000915677156916692
0.00241177127698127,0.00209693939227808,0.000914781284920373
0.00240273954633246,0.00209539524318695,0.000913863641501183
0.00239362290292254,0.00209371604407199,0.000912923574237819
0.002384425079707,0.00209190431762433,0.000911960430833411
0.00237514970803191,0.00208996254112801,0.000910973560368829
0.00236580032058442,0.002087893147634,0.000909962314472791
0.00235638035423582,0.00208569852708761,0.000908926048413123
0.00234689315278204,0.00208338102741139,0.000907864122113279
0.00233734196958653,0.00208094295554608,0.000906775901098471
0.00232772997012983,0.00207838657845169,0.000905660757374675
0.00231806023447026,0.00207571412407075,0.000904518070244461
0.00230833575961966,0.00207292778225558,0.000903347227062751
0.00229855946183796,0.00207002970566148,0.000902147623935779
0.00228873417885015,0.00206702201060747,0.000900918666366331
0.00227886267198909,0.0020639067779062,0.000899659769847909
0.0022689476282673,0.00206068605366449,0.000898370360410866
0.00225899166238075,0.00205736185005582,0.000897049875122704
0.00224899731864751,0.00205393614606646,0.000895697762545261
0.00223896707288417,0.00205041088821605,0.000894313483150903
0.00222890333422216,0.002046787991254,0.00089289650970007
0.00221880844686699,0.00204306933883303,0.000891446327582122
0.00220868469180217,0.00203925678416044,0.000889962435121607
0.00219853428844039,0.00203535215062862,0.000888444343851649
0.00218835939622397,0.00203135723242545,0.000886891578756335
0.00217816211617643,0.00202727379512533,0.00088530367848397
0.00216794449240718,0.00202310357626226,0.000883680195532261
0.00215770851357115,0.00201884828588504,0.000882020696407783
0.00214745611428502,0.00201450960709598,0.000880324761760469
0.0021371891765017,0.00201008919657339,0.000878591986494722
0.00212690953084455,0.00200558868507883,0.000876821979858703
0.00211661895790294,0.00200100967794948,0.000875014365512701
0.00210631918949048,0.0019963537555766,0.000873168781578048
0.00209601190986733,0.00199162247387028,0.000871284880667381
0.00208569875692766,0.00198681736471137,0.000869362329897872
0.00207538132335397,0.00198193993639082,0.000867400810887734
0.00206506115773882,0.00197699167403712,0.000865400019737652
0.00205473976567559,0.00197197404003226,0.00086335966699767
0.00204441861081912,0.00196688847441668,0.000861279477620366
0.00203409911591732,0.00196173639528351,0.000859159190901581
0.00202378266381461,0.00195651919916276,0.000856998560408995
0.00201347059842837,0.00195123826139555,0.000854797353899712
0.00200316422569908,0.00194589493649894,0.000852555353227182
0.0019928648145151,0.00194049055852176,0.00085027235423859
0.00198257359761295,0.00193502644139152,0.000847948166663041
0.00197229177245377,0.00192950387925299,0.000845582613991251
0.00196202050207691,0.00192392414679861,0.000843175533347371
0.0019517609159312,0.00191828849959104,0.000840726775353527
0.00194151411068465,0.00191259817437818,0.000838236203987495
0.00193128115101335,0.00190685438940081,0.000835703696434184
0.00192106307037005,0.00190105834469326,0.00083312914293124
0.00191086087173325,0.00189521122237724,0.000830512446609372
0.00190067552833718,0.00188931418694905,0.000827853523327804
0.00189050798438339,0.00188336838556044,0.000825152301505151
0.00188035915573449,0.00187737494829337,0.000822408721946345
0.00187022993059051,0.0018713349884288,0.00081962273766574
0.00186012117014843,0.00186524960270969,0.000816794313706918
0.0018500337092454,0.00185911987159841,0.000813923426959525
0.00183996835698607,0.00185294685952889,0.00081101006597332
0.00182992589735458,0.00184673161515332,0.000808054230769918
0.00181990708981145,0.00184047517158403,0.000805055932652426
0.00180991266987616,0.00183417854663025,0.000802015194013259
0.00179994334969541,0.00182784274303029,0.000798932048140411
