-0.0208828345478454,-0.0269713698666782,-0.0190068156084558
-0.0207214675698377,-0.0274336881401336,-0.0190045675136446
-0.0205659600800255,-0.0278777100166994,-0.0190021036892746
-0.0204161499925213,-0.0283039440606511,-0.0189994303764145
-0.0202718791836407,-0.0287128864630348,-0.0189965536778698
-0.0201329934012967,-0.0291050213222438,-0.0189934795608362
-0.0199993421763791,-0.0294808209185012,-0.0189902138595078
-0.0198707787360785,-0.0298407459823796,-0.0189867622776383
-0.0197471599191126,-0.0301852459574811,-0.0189831303910594
-0.019628346092814,-0.0305147592574017,-0.0189793236501531
-0.0195142010720411,-0.0308297135171021,-0.0189753473822826
-0.0194045920398715,-0.031130525838801,-0.0189712067941791
-0.0192993894700409,-0.0314176030325085,-0.0189669069742875
-0.0191984670510915,-0.031691341851311,-0.0189624528950702
-0.0191017016121894,-0.0319521292215212,-0.0189578494152716
-0.0190089730505799,-0.0322003424677996,-0.0189531012821405
-0.0189201642606439,-0.0324363495333552,-0.0189482131336157
-0.0188351610645191,-0.0326605091953289,-0.0189431895004707
-0.0187538521442564,-0.0328731712754628,-0.0189380348084224
-0.0186761289754753,-0.0330746768461544,-0.0189327533802003
-0.0186018857624883,-0.0332653584319937,-0.0189273494375812
-0.0185310193748614,-0.0334455402068801,-0.0189218271033854
-0.0184634292853813,-0.033615538186811,-0.0189161904034394
-0.0183990175093976,-0.0337756604184369,-0.0189104432685021
-0.0183376885455119,-0.03392620716347,-0.0189045895361571
-0.0182793493175838,-0.0340674710790366,-0.0188986329526715
-0.0182239091180263,-0.0341997373940588,-0.0188925771748204
-0.0181712795523619,-0.0343232840817498,-0.0188864257716797
-0.0181213744850137,-0.0344383820283069,-0.0188801822263863
-0.0180741099863042,-0.0345452951978814,-0.0188738499378662
-0.0180294042806346,-0.0346442807939057,-0.0188674322225317
-0.0179871776958214,-0.0347355894168559,-0.0188609323159485
-0.0179473526135639,-0.0348194652185253,-0.0188543533744717
-0.0179098534210187,-0.0348961460528828,-0.0188476984768529
-0.0178746064634569,-0.0349658636235903,-0.0188409706258176
-0.0178415399979812,-0.0350288436282504,-0.0188341727496147
-0.0178105841482799,-0.0350853058994529,-0.0188273077035369
-0.0177816708603944,-0.0351354645426906,-0.0188203782714138
-0.0177547338594803,-0.0351795280712105,-0.0188133871670783
-0.0177297086075379,-0.0352176995378655,-0.0188063370358049
-0.0177065322620949,-0.0352501766640322,-0.0187992304557234
-0.0176851436358153,-0.0352771519656566,-0.0187920699392046
-0.0176654831570203,-0.0352988128764895,-0.0187848579342231
-0.0176474928310973,-0.0353153418685736,-0.018777596825692
-0.017631116202779,-0.035326916570038,-0.0187702889367761
-0.0176162983192745,-0.0353337098802616,-0.0187629365301786
-0.0176029856942322,-0.0353358900824597,-0.0187555418094051
-0.0175911262725185,-0.0353336209537494,-0.018748106920004
-0.0175806693957925,-0.0353270618727503,-0.0187406339507837
-0.0175715657688608,-0.0353163679247698,-0.0187331249350077
-0.0175637674267949,-0.0353016900046286,-0.0187255818515667
-0.0175572277027943,-0.0352831749171756,-0.0187180066261301
-0.0175519011967799,-0.0352609654755427,-0.0187104011322743
-0.0175477437447009,-0.0352352005971869,-0.0187027671925918
-0.0175447123885394,-0.0352060153977699,-0.0186951065797777
-0.0175427653469995,-0.03517354128292,-0.018687421017698
-0.0175418619868629,-0.0351379060379231,-0.0186797121824352
-0.017541962794999,-0.0350992339153876,-0.0186719817033168
-0.0175430293510133,-0.0350576457209255,-0.018664231163923
-0.0175450243005218,-0.0350132588968961,-0.0186564621030753
-0.0175479113290363,-0.0349661876042509,-0.0186486760158071
-0.0175516551364483,-0.0349165428025223,-0.0186408743543158
-0.0175562214120968,-0.0348644323279974,-0.0186330585288962
-0.0175615768104097,-0.0348099609701142,-0.0186252299088574
-0.0175676889271031,-0.0347532305461208,-0.0186173898234207
-0.0175745262759291,-0.034694339974034,-0.0186095395626019
-0.0175820582659583,-0.0346333853439363,-0.0186016803780755
-0.0175902551793852,-0.0345704599876436,-0.0185938134840235
-0.0175990881498468,-0.0345056545467846,-0.0185859400579671
-0.0176085291412401,-0.0344390570393216,-0.0185780612415825
-0.0176185509270302,-0.0343707529245495,-0.0185701781415017
-0.0176291270700378,-0.0343008251666057,-0.0185622918300975
-0.0176402319026924,-0.0342293542965228,-0.0185544033462527
-0.0176518405077464,-0.0341564184728567,-0.0185465136961155
-0.0176639286994344,-0.0340820935409211,-0.01853862385384
-0.0176764730050715,-0.0340064530906588,-0.0185307347623116
-0.01768945064708,-0.0339295685131796,-0.018522847333859
-0.017702839525433,-0.0338515090559948,-0.0185149624509528
-0.0177166182005097,-0.0337723418769752,-0.0185070809668893
-0.0177307658763484,-0.0336921320970634,-0.0184992037064616
-0.0177452623842928,-0.0336109428517643,-0.0184913314666177
-0.01776008816702,-0.0335288353414442,-0.0184834650171052
-0.0177752242629426,-0.0334458688804624,-0.0184756051011041
-0.017790652290977,-0.0333621009451613,-0.0184677524358463
-0.0178063544356686,-0.033277587220741,-0.0184599077132232
-0.0178223134326676,-0.0331923816470436,-0.0184520716003818
-0.0178385125545459,-0.0331065364632677,-0.0184442447403083
-0.0178549355969481,-0.0330201022516421,-0.0184364277524002
-0.0178715668650701,-0.0329331279800776,-0.0184286212330275
-0.0178883911604567,-0.0328456610438207,-0.0184208257560825
-0.0179053937681106,-0.0327577473061319,-0.0184130418735183
-0.0179225604439079,-0.0326694311380101,-0.018405270115877
-0.0179398774023117,-0.0325807554569832,-0.0183975109928071
-0.0179573313043772,-0.0324917617649872,-0.0183897649935705
-0.0179749092460418,-0.0324024901853523,-0.0183820325875393
-0.0179925987466944,-0.0323129794989181,-0.0183743142246831
-0.018010387738017,-0.0322232671792951,-0.0183666103360454
-0.018028264553093,-0.0321333894272924,-0.0183589213342108
-0.0180462179157747,-0.032043381204531,-0.0183512476137638
-0.018064236930307,-0.0319532762662593,-0.0183435895517368
-0.0180823110711983,-0.0318631071933895,-0.0183359475080491
-0.0181004301733355,-0.0317729054237734,-0.0183283218259381
-0.018118584422336,-0.0316827012827313,-0.0183207128323806
-0.0181367643451326,-0.0315925240128549,-0.0183131208385058
-0.0181549608007842,-0.0315024018030977,-0.0183055461399998
-0.0181731649715098,-0.0314123618171691,-0.0182979890175021
-0.0181913683539384,-0.0313224302212492,-0.0182904497369928
-0.0182095627505705,-0.0312326322110385,-0.0182829285501738
-0.0182277402614478,-0.0311429920381573,-0.0182754256948396
-0.018245893276024,-0.03105353303591,-0.0182679413952427
-0.0182640144652339,-0.0309642776444294,-0.0182604758624496
-0.0182820967737557,-0.0308752474352119,-0.0182530292946907
-0.0183001334124623,-0.030786463135062,-0.018245601877702
-0.0183181178510565,-0.0306979446494548,-0.0182381937850599
-0.0183360438108868,-0.0306097110853334,-0.018230805178509
-0.0183539052579399,-0.0305217807733509,-0.0182234362082833
-0.018371696396004,-0.0304341712895724,-0.0182160870134197
-0.0183894116600017,-0.0303468994766473,-0.0182087577220659
-0.0184070457094863,-0.0302599814644641,-0.0182014484517811
-0.0184245934222986,-0.0301734326903012,-0.0181941593098305
-0.0184420498883812,-0.0300872679184822,-0.0181868903934735
-0.0184594104037455,-0.0300015012595503,-0.0181796417902455
-0.0184766704645885,-0.0299161461889696,-0.0181724135782345
-0.0184938257615554,-0.0298312155653671,-0.0181652058263502
-0.0185108721741463,-0.0297467216483232,-0.018158018594589
-0.0185278057652613,-0.0296626761157228,-0.0181508519342922
-0.0185446227758818,-0.0295790900806763,-0.0181437058883984
-0.018561319619886,-0.029495974108021,-0.0181365804916917
-0.018577892878994,-0.0294133382304112,-0.0181294757710429
-0.018594339297839,-0.0293311919640081,-0.0181223917456467
-0.0186106557791647,-0.029249544323778,-0.0181153284272526
-0.0186268393791414,-0.0291684038384068,-0.0181082858203919
-0.0186428873028026,-0.0290877785648413,-0.0181012639225985
-0.018658796899596,-0.0290076761024655,-0.0180942627246257
-0.018674565659048,-0.0289281036069189,-0.0180872822106577
-0.0186901912065378,-0.0288490678035675,-0.0180803223585164
-0.0187056712991804,-0.0287705750006331,-0.0180733831398643
-0.0187210038218132,-0.0286926311019908,-0.0180664645204013
-0.0187361867830869,-0.028615241619641,-0.0180595664600588
-0.0187512183116555,-0.0285384116858642,-0.0180526889131884
-0.0187660966524647,-0.0284621460650659,-0.0180458318287463
-0.0187808201631358,-0.0283864491653186,-0.0180389951504744
-0.0187953873104437,-0.0283113250496079,-0.0180321788170758
-0.0188097966668845,-0.0282367774467901,-0.018025382762388
-0.0188240469073338,-0.0281628097622673,-0.0180186069155506
-0.0188381368057907,-0.0280894250883877,-0.0180118512011701
-0.0188520652322073,-0.028016626214576,-0.0180051155394806
-0.0188658311494011,-0.0279444156372018,-0.0179983998465007
-0.018879433610047,-0.027872795569191,-0.0179917040341866
-0.0188928717537507,-0.0278017679493869,-0.0179850280105822
-0.0189061448041965,-0.0277313344516667,-0.0179783716799649
-0.0189192520663718,-0.0276614964938195,-0.0179717349429888
-0.0189321929238653,-0.0275922552461897,-0.0179651176968238
-0.0189449668362357,-0.0275236116400948,-0.0179585198352915
-0.0189575733364508,-0.0274555663760196,-0.0179519412489986
-0.0189700120283959,-0.0273881199315931,-0.0179453818254662
-0.0189822825844471,-0.0273212725693545,-0.0179388414492561
-0.0189943847431109,-0.0272550243443121,-0.017932320002095
-0.0190063183067264,-0.0271893751112995,-0.0179258173629943
-0.0190180831392308,-0.0271243245321362,-0.0179193334083681
