-0.00122131806155598,0.00301419885468611,-1.61154224609356e-05
-0.00122301008119489,0.0030101370844448,-2.02423369895581e-05
-0.00122470718873249,0.00300606837107439,-2.42324760562079e-05
-0.00122640787768551,0.00300199411814623,-2.80896245442714e-05
-0.00122811070047015,0.00299791568170903,-3.1817473359882e-05
-0.0012298142667096,0.00299383437153263,-3.54196216050023e-05
-0.00123151724158397,0.00298975145232256,-3.88995787026604e-05
-0.00123321834422155,0.00298566814490598,-4.22607664753367e-05
-0.00123491634613058,0.00298158562738984,-4.55065211775125e-05
-0.00123661006967054,0.00297750503629154,-4.86400954833363e-05
-0.00123829838656195,0.00297342746764301,-5.16646604304007e-05
-0.00123998021643394,0.00296935397806872,-5.45833073205205e-05
-0.00124165452540857,0.00296528558583798,-5.73990495784734e-05
-0.00124332032472117,0.00296122327189247,-6.01148245695587e-05
-0.00124497666937572,0.00295716798084926,-6.27334953768958e-05
-0.00124662265683459,0.00295312062197999,-6.5257852539282e-05
-0.00124825742574169,0.00294908207016667,-6.76906157504943e-05
-0.0012498801546784,0.00294505316683477,-7.00344355208118e-05
-0.00125149006095143,0.0029410347208639,-7.2291894801621e-05
-0.0012530863994118,0.00293702750947675,-7.44655105738413e-05
-0.00125466846130433,0.00293303227910671,-7.65577354010097e-05
-0.00125623557314689,0.00292904974624458,-7.85709589476964e-05
-0.00125778709563857,0.002925080598265,-8.05075094640917e-05
-0.00125932242259634,0.00292112549423294,-8.236965523741e-05
-0.00126084097991927,0.00291718506569064,-8.41596060108767e-05
-0.00126234222457989,0.00291325991742564,-8.58795143709668e-05
-0.00126382564364174,0.00290935062822014,-8.75314771035829e-05
-0.00126529075330293,0.00290545775158214,-8.9117536519855e-05
-0.00126673709796461,0.00290158181645891,-9.0639681752203e-05
-0.0012681642493241,0.00289772332793299,-9.20998500212939e-05
-0.00126957180549199,0.00289388276790126,-9.34999278745456e-05
-0.00127095939013254,0.00289006059573738,-9.48417523967859e-05
-0.00127232665162698,0.00288625724893805,-9.61271123936348e-05
-0.00127367326225907,0.00288247314375338,-9.73577495482536e-05
-0.00127499891742235,0.0028787086758018,-9.85353595519848e-05
-0.00127630333484872,0.00287496422066975,-9.96615932094905e-05
-0.00127758625385762,0.0028712401344967,-0.000100738057518903
-0.00127884743462552,0.00286753675454558,-0.000101766316727567
-0.001280086657475,0.00286385439975919,-0.000102747893363868
-0.00128130372218326,0.00286019337130269,-0.000103684269245677
-0.00128249844730922,0.00285655395309267,-0.000104576886465952
-0.00128367066953913,0.00285293641231304,-0.000105427148355919
-0.00128482024304988,0.00284934099991801,-0.000106236420426401
-0.00128594703888988,0.00284576795112243,-0.000107006031287708
-0.00128705094437694,0.00284221748587993,-0.000107737273548594
-0.00128813186251269,0.00283868980934901,-0.000108431404694716
-0.00128918971141333,0.00283518511234732,-0.000109089647947051
-0.00129022442375597,0.00283170357179457,-0.000109713193100699
-0.00129123594624063,0.00282824535114416,-0.000110303197344505
-0.00129222423906711,0.00282481060080392,-0.000110860786061939
-0.00129318927542657,0.00282139945854606,-0.000111387053613586
-0.00129413104100739,0.00281801204990683,-0.000111883064101732
-0.00129504953351509,0.00281464848857579,-0.000112349852117356
-0.00129594476220568,0.00281130887677527,-0.000112788423469962
-0.00129681674743243,0.00280799330563,-0.000113199755900629
-0.00129766552020547,0.0028047018555272,-0.000113584799778599
-0.00129849112176412,0.00280143459646755,-0.000113944478781834
-0.00129929360316137,0.00279819158840687,-0.000114279690561832
-0.00130007302486051,0.00279497288158908,-0.000114591307393089
-0.00130082945634335,0.0027917785168705,-0.000114880176807527
-0.00130156297572988,0.00278860852603556,-0.000115147122214209
-0.00130227366940901,0.00278546293210451,-0.000115392943504698
-0.00130296163168025,0.00278234174963278,-0.000115618417644344
-0.00130362696440577,0.00277924498500271,-0.000115824299249822
-0.00130426977667294,0.00277617263670746,-0.00011601132115323
-0.00130489018446677,0.00277312469562744,-0.000116180194953034
-0.0013054883103522,0.00277010114529947,-0.00011633161155216
-0.00130606428316589,0.00276710196217869,-0.000116466241683508
-0.00130661823771732,0.00276412711589358,-0.000116584736423176
-0.0013071503144989,0.00276117656949413,-0.000116687727691658
-0.00130766065940493,0.0027582502796933,-0.000116775828743294
-0.00130814942345915,0.00275534819710204,-0.000116849634644213
-0.00130861676255066,0.00275247026645802,-0.00011690972273906
-0.00130906283717797,0.002749616426848,-0.00011695665310671
-0.001309487812201,0.00274678661192431,-0.000116990969005249
-0.00130989185660087,0.0027439807501154,-0.000117013197306461
-0.00131027514324716,0.00274119876483055,-0.000117023848920022
-0.00131063784867255,0.00273844057465909,-0.000117023419207679
-0.00131098015285456,0.002735706093564,-0.00011701238838759
-0.00131130223900436,0.00273299523107028,-0.000116991221929082
-0.00131160429336221,0.002730307892448,-0.00011696037093802
-0.00131188650499966,0.00272764397889031,-0.000116920272533009
-0.00131214906562803,0.00272500338768648,-0.000116871350212621
-0.00131239216941325,0.00272238601239,-0.000116814014213875
-0.00131261601279677,0.00271979174298211,-0.000116748661862119
-0.00131282079432236,0.00271722046603052,-0.000116675677912567
-0.00131300671446874,0.00271467206484377,-0.000116595434883638
-0.00131317397548778,0.00271214641962113,-0.000116508293382282
-0.00131332278124818,0.00270964340759818,-0.000116414602421498
-0.00131345333708453,0.00270716290318833,-0.000116314699730202
-0.00131356584965142,0.00270470477812005,-0.000116208912055615
-0.00131366052678271,0.00270226890157035,-0.000116097555458368
-0.00131373757735568,0.00269985514029424,-0.000115980935600438
-0.00131379721115984,0.00269746335875038,-0.000115859348026131
-0.00131383963877055,0.00269509341922314,-0.000115733078436237
-0.001313865071427,0.00269274518194104,-0.000115602402955526
-0.00131387372091466,0.00269041850519154,-0.000115467588393729
-0.00131386579945201,0.00268811324543259,-0.000115328892500151
-0.00131384151958131,0.00268582925740078,-0.000115186564212067
-0.00131380109406355,0.00268356639421614,-0.000115040843897049
-0.00131374473577722,0.00268132450748389,-0.000114891963589345
-0.00131367265762092,0.00267910344739305,-0.000114740147220448
-0.00131358507241967,0.00267690306281204,-0.000114585610844021
-0.0013134821928349,0.00267472320138128,-0.000114428562855246
-0.00131336423127777,0.00267256370960302,-0.000114269204204794
-0.00131323139982606,0.00267042443292834,-0.000114107728607476
-0.0013130839101443,0.0026683052158414,-0.000113944322745747
-0.00131292197340705,0.00266620590194103,-0.000113779166468149
-0.00131274580022544,0.00266412633401986,-0.000113612432982831
-0.0013125556005766,0.00266206635414068,-0.000113444289046237
-0.00131235158373611,0.00266002580371066,-0.000113274895147098
-0.00131213395821327,0.00265800452355291,-0.000113104405685816
-0.0013119029316892,0.00265600235397584,-0.000112932969149367
-0.00131165871095754,0.00265401913484027,-0.000112760728281794
-0.00131140150186787,0.00265205470562423,-0.00011258782025044
-0.00131113150927158,0.0026501089054857,-0.000112414376807969
-0.00131084893697025,0.0026481815733232,-0.00011224052445031
-0.0013105539876664,0.00264627254783437,-0.000112066384570602
-0.00131024686291659,0.00264438166757252,-0.000111892073609241
-0.00130992776308671,0.00264250877100131,-0.000111717703200108
-0.00130959688730951,0.00264065369654745,-0.000111543380313079
-0.00130925443344421,0.00263881628265163,-0.000111369207392906
-0.00130890059803817,0.00263699636781772,-0.000111195282494529
-0.00130853557629055,0.00263519379066004,-0.000111021699414946
-0.00130815956201792,0.00263340838994914,-0.000110848547821682
-0.00130777274762166,0.00263164000465581,-0.000110675913377951
-0.00130737532405727,0.00262988847399356,-0.000110503877864597
-0.00130696748080539,0.00262815363745945,-0.000110332519298884
-0.00130654940584448,0.00262643533487349,-0.000110161912050192
-0.00130612128562521,0.00262473340641651,-0.000109992126952736
-0.00130568330504643,0.0026230476926666,-0.000109823231415321
-0.00130523564743262,0.0026213780346342,-0.000109655289528256
-0.0013047784945129,0.0026197242737957,-0.000109488362167454
-0.0013043120264015,0.00261808625212592,-0.000109322507095818
-0.00130383642157951,0.00261646381212908,-0.000109157779061948
-0.00130335185687817,0.00261485679686869,-0.000108994229896252
-0.00130285850746327,0.00261326504999613,-0.00010883190860452
-0.00130235654682094,0.00261168841577812,-0.000108670861459016
-0.00130184614674465,0.00261012673912292,-0.000108511132087149
-0.00130132747732332,0.00260857986560556,-0.000108352761557783
-0.00130080070693068,0.00260704764149189,-0.000108195788465247
-0.00130026600221561,0.00260552991376159,-0.00010804024901109
-0.00129972352809366,0.00260402653013014,-0.00010788617708364
-0.00129917344773951,0.00260253733906988,-0.000107733604335423
-0.00129861592258047,0.00260106218982996,-0.000107582560258494
-0.00129805111229094,0.00259960093245551,-0.000107433072257722
-0.00129747917478774,0.00259815341780572,-0.000107285165722086
-0.00129690026622641,0.00259671949757121,-0.000107138864094032
-0.0012963145409983,0.00259529902429039,-0.000106994188936928
-0.00129572215172854,0.00259389185136512,-0.000106851160000678
-0.00129512324927472,0.00259249783307542,-0.000106709795285526
-0.00129451798272648,0.00259111682459349,-0.000106570111104101
-0.0012939064994057,0.00258974868199696,-0.00010643212214175
-0.00129328894486749,0.00258839326228135,-0.000106295841515185
-0.0012926654629018,0.00258705042337182,-0.000106161280829509
-0.00129203619553575,0.00258572002413428,-0.000106028450233641
-0.00129140128303654,0.00258440192438576,-0.000105897358474187
-0.001290760863915,0.00258309598490414,-0.000105768012947801
-0.0012901150749297,0.00258180206743727,-0.000105640419752056
-0.00128946405109163,0.00258052003471141,-0.000105514583734888
