-0.000200706655135958,3.08160331737537e-05,-0.000160956787458819
-0.000277830315502924,4.21534952503106e-05,-0.000222808336152075
-0.000333047050549631,4.99148206737138e-05,-0.000267092987904612
-0.000376385016895773,5.56992009746103e-05,-0.000301852754399276
-0.000411833140939489,6.01512432526405e-05,-0.000330286545422684
-0.00044149115928011,6.36145636170835e-05,-0.000354078250257912
-0.000466639150980473,6.63011993689181e-05,-0.000374254437501201
-0.000488132929446544,6.83545735419252e-05,-0.000391501435539174
-0.000506582319760548,6.98780321587214e-05,-0.000406308300501327
-0.000522442661047646,7.09495660698431e-05,-0.00041904019600412
-0.000536066312516021,7.16301397744355e-05,-0.000429979698264654
-0.000547733733234559,7.19687425596033e-05,-0.000439351720566973
-0.000557673285519422,7.20056231888141e-05,-0.000447339394715669
-0.000566074419222219,7.17744542627637e-05,-0.000454094644342293
-0.000573096772611005,7.13038337587119e-05,-0.000459745483536788
-0.000578876648238626,7.06183588540199e-05,-0.000464401210350629
-0.000583531741730948,6.97394140023629e-05,-0.000468156199223062
-0.000587164672784575,6.86857623607056e-05,-0.000471092732830212
-0.000589865673605816,6.74739983645069e-05,-0.000473283158233774
-0.000591714671215112,6.61189000359429e-05,-0.000474791556929422
-0.00059278292497886,6.46337074398275e-05,-0.000475675058199319
-0.000593134331977434,6.30303457772107e-05,-0.000475984886075818
-0.000592826480367571,6.13196063182669e-05,-0.000475767204199843
-0.000591911508821032,5.95112947691774e-05,-0.000475063805153356
-0.000590436814804769,5.76143541588512e-05,-0.000473912678562148
-0.000588445643651224,5.56369675551313e-05,-0.000472348483590792
-0.00058597758260463,5.3586644642019e-05,-0.000470402945226186
-0.000583068978375605,5.14702952564516e-05,-0.000468105189212233
-0.00057975329256328,4.92942922925777e-05,-0.000465482027151514
-0.000576061406185365,4.70645258642037e-05,-0.000462558200788735
-0.000572021882199233,4.47864502239697e-05,-0.000459356592600042
-0.000567661193095875,4.24651246375891e-05,-0.000455898408368003
-0.000563003919259415,4.01052491793196e-05,-0.000452203336307774
-0.000558072922702889,3.77111962334707e-05,-0.000448289686442372
-0.000552889499941784,3.5287038344153e-05,-0.000444174513243846
-0.000547473517094357,3.28365729423066e-05,-0.000439873724017885
-0.00054184352976173,3.03633443884081e-05,-0.000435402175079448
-0.000536016889810111,2.78706636965519e-05,-0.000430773757421692
-0.000530009840829473,2.53616262463892e-05,-0.000426001473301306
-0.000523837603759821,2.28391277414272e-05,-0.000421097504936255
-0.000517514453944533,2.03058786325178e-05,-0.000416073276326156
-0.000511053790679564,1.77644171929281e-05,-0.000410939509052559
-0.000504468200169598,1.52171214042485e-05,-0.000405706272789909
-0.000497769512671109,1.266621978995e-05,-0.000400383031152858
-0.00049096885449275,1.01138013145117e-05,-0.000394978683417629
-0.000484076695431573,7.56182445015279e-06,-0.000389501602581538
-0.000477102892146075,5.01212549986526e-06,-0.000383959670162522
-0.000470056727901549,2.4664262539731e-06,-0.000378360308087996
-0.000462946949067467,-7.36589521446512e-08,-0.00037271050797771
-0.000455781798699117,-2.60661671988734e-06,-0.000367016858087022
-0.000448569047495036,-5.13102855658875e-06,-0.000361285568144581
-0.000441316022386918,-7.6455652859472e-06,-0.000355522492290211
-0.000434029632988405,-1.01489818588876e-05,-0.000349733150294799
-0.000426716396103375,-1.26401125286691e-05,-0.000343922747222927
-0.000419382458471544,-1.51178663580054e-05,-0.000338096191681116
-0.000412033617909732,-1.75812230293898e-05,-0.000332258112778576
-0.000404675342989936,-2.00292289329506e-05,-0.000326412875913775
-0.000397312791380395,-2.24609935087302e-05,-0.000320564597488053
-0.000389950826962727,-2.48756858226949e-05,-0.000314717158637033
-0.000382594035826642,-2.72725313577732e-05,-0.000308874218061234
-0.000375246741233577,-2.96508090030994e-05,-0.000303039224029201
-0.000367913017631607,-3.20098482262544e-05,-0.000297215425619266
-0.000360596703796022,-3.4349026414634e-05,-0.000291405883259572
-0.000353301415162922,-3.66677663735149e-05,-0.00028561347862046
-0.000346030555416886,-3.89655339693399e-05,-0.000279840923908191
-0.000338787327388162,-4.12418359078973e-05,-0.000274090770604486
-0.000331574743309858,-4.34962176379149e-05,-0.000268365417692437
-0.000324395634481135,-4.57282613714082e-05,-0.00026266711940566
-0.000317252660378377,-4.79375842128418e-05,-0.000256997992534407
-0.000310148317252759,-5.01238363898925e-05,-0.000251360023319457
-0.00030308494624933,-5.22866995790733e-05,-0.000245755073961987
-0.0002960647410799,-5.44258853201291e-05,-0.000240184888775313
-0.000289089755279318,-5.65411335135388e-05,-0.000234651100002277
-0.00028216190907236,-5.86322109959082e-05,-0.000229155233320101
-0.000275282995876337,-6.06989101884474e-05,-0.000223698713052877
-0.000268454688462504,-6.27410478140874e-05,-0.000218282867110237
-0.000261678544797661,-6.47584636790929e-05,-0.000212908931669328
-0.000254956013585667,-6.67510195153916e-05,-0.000207578055615938
-0.000248288439527065,-6.8718597880035e-05,-0.000202291304759461
-0.000241677068313885,-7.06611011085326e-05,-0.000197049665835231
-0.000235123051375161,-7.2578450318977e-05,-0.000191854050306879
-0.000228627450387838,-7.44705844641215e-05,-0.000186705297980368
-0.00022219124156661,-7.63374594287278e-05,-0.000181604180440644
-0.000215815319745245,-7.81790471697612e-05,-0.000176551404320945
-0.000209500502261217,-7.99953348970315e-05,-0.000171547614414283
-0.000203247532654539,-8.17863242922036e-05,-0.000166593396635822
-0.000197057084191043,-8.35520307640937e-05,-0.000161689280844407
-0.000190929763219666,-8.52924827383749e-05,-0.000156835743530888
-0.000184866112372651,-8.70077209798999e-05,-0.000152033210380411
-0.000178866613617032,-8.86977979460192e-05,-0.000147282058715386
-0.000172931691165235,-9.03627771692378e-05,-0.000142582619825423
-0.000167061714252107,-9.20027326678454e-05,-0.000137935181190115
-0.000161256999785303,-9.36177483830479e-05,-0.000133339988600204
-0.000155517814875438,-9.52079176413479e-05,-0.000128797248182327
-0.000149844379252132,-9.67733426409264e-05,-0.000124307128332188
-0.000144236867571627,-9.83141339608586e-05,-0.000119869761560791
-0.000138695411621348,-9.98304100921234e-05,-0.000115485246257996
-0.000133220102426504,-0.000101322296989291,-0.000111153648377504
-0.000127810992263464,-0.000102789927641999,-0.000106875003047086
-0.00012246809658442,-0.000104233441665246,-0.00010264931610766
-0.000117191395857586,-0.000105652984907647,-9.84765655846336e-05
-0.000111980837326932,-0.000107048709076846,-9.43567030947311e-05
-0.000106836336695254,-0.000108420771381252,-9.02896551913417e-05
-0.000101757779734139,-0.00010976933418744,-8.62753246512576e-05
-9.67450238242358e-05,-0.000111094564692445,-8.23135917055458e-05
-9.17978994290198e-05,-0.000112396634610314,-7.84043152170859e-05
-8.69162115050939e-05,-0.000113675719872303,-7.45473338072576e-05
-8.20997408519038e-05,-0.000114932000340078,-7.07424669340417e-05
-7.73482454036003e-05,-0.000116165659531387,-6.69895159237787e-05
-7.26614614655984e-05,-0.000117376884357666,-6.32882649585844e-05
-6.80391048983688e-05,-0.000118565864873015,-5.96384820214889e-05
-6.34808722506958e-05,-0.000119732794034114,-5.60399198010837e-05
-5.89864418446834e-05,-0.000120877867470595,-5.24923165575104e-05
-5.4555474814593e-05,-0.000122001283265393,-4.89953969514518e-05
-5.01876161015115e-05,-0.000123103241744718,-4.55488728377437e-05
-4.588249540575e-05,-0.000124183945277171,-4.21524440251372e-05
-4.16397280988017e-05,-0.000125243598081696,-3.88057990036525e-05
-3.74589160965622e-05,-0.00012628240604394,-3.55086156409248e-05
-3.33396486954693e-05,-0.000127300576540699,-3.22605618488467e-05
-2.92815033731168e-05,-0.000128298318272127,-2.90612962217716e-05
-2.528404655485e-05,-0.000129275841101367,-2.59104686474711e-05
-2.13468343477535e-05,-0.000130233355901313,-2.28077208919942e-05
-1.74694132433676e-05,-0.000131171074408207,-1.9752687159507e-05
-1.36513207904941e-05,-0.000132089209081796,-1.67449946281612e-05
-9.89208623924004e-06,-0.000132987972971792,-1.37842639629766e-05
-6.19123115755247e-06,-0.000133867579590364,-1.08701098066911e-05
-2.5482700213283e-06,-0.000134728242790417,-8.00214124948025e-06
1.03728922080755e-06,-0.000135570176649463,-5.17996227840054e-06
4.56594460701402e-06,-0.000136393595358814,-2.40317220740472e-06
8.03819964508639e-06,-0.000137198713117899,3.28633911303753e-07
1.14545628176698e-05,-0.000137985744033526,3.01586489381085e-06
1.48155471089608e-05,-0.000138754902023858,5.65893304819652e-06
1.81216695520074e-05,-0.000139506400726941,8.25825381474028e-06
2.1373450795831e-05,-0.000140240453413568,1.08142454219279e-05
2.45714146915032e-05,-0.000140957272904374,1.33273285576562e-05
2.77160878965066e-05,-0.000141657071490922,1.57979260550169e-05
3.08079994965955e-05,-0.000142340060860665,1.82264625920713e-05
3.38476806444812e-05,-0.000143006452025617,2.06133644050843e-05
3.68356642146786e-05,-0.000143656455254608,2.29590590146491e-05
3.97724844738806e-05,-0.000144290280008942,2.52639749642216e-05
4.26586767662296e-05,-0.000144908134881362,2.75285415705572e-05
4.54947772129146e-05,-0.000145510227538174,2.97531886855839e-05
4.82813224255459e-05,-0.000146096764664421,3.19383464692675e-05
5.10188492327186e-05,-0.000146667951911948,3.40844451730155e-05
5.37078944193088e-05,-0.000147223993850308,3.61919149332386e-05
5.63489944779525e-05,-0.000147765093920341,3.82611855746369e-05
5.89426853722643e-05,-0.000148291454390347,4.02926864228492e-05
6.14895023113213e-05,-0.00014880327631475,4.22868461260905e-05
6.39899795349797e-05,-0.000149300759495145,4.42440924854274e-05
6.6444650109592e-05,-0.000149784102443652,4.6164852293355e-05
6.88540457337251e-05,-0.000150253502348464,4.80495511803355e-05
7.12186965534866e-05,-0.000150709155041519,4.98986134690182e-05
7.35391309871092e-05,-0.000151151254968205,5.17124620358006e-05
7.58158755583613e-05,-0.000151579995159029,5.34915181794672e-05
7.80494547385419e-05,-0.00015199556720314,5.52362014966315e-05
8.0240390796625e-05,-0.000152398161223678,5.6946929763694e-05
8.23892036573068e-05,-0.000152787965854844,5.86241188250768e-05
8.44964107666108e-05,-0.000153165168220625,6.02681824874868e-05
8.65625269647592e-05,-0.000153529953915127,6.1879532419961e-05
8.85880643660401e-05,-0.000153882506984431,6.34585780594792e-05
