-0.0213198416636491,-0.0266534251699057,-0.0188081261851595
-0.0215786585168873,-0.0268097513877006,-0.0186143180448039
-0.0218269762243203,-0.0269594032459566,-0.0184272319443722
-0.0220650860938639,-0.0271025667786013,-0.0182466871044974
-0.0222932723935689,-0.0272394235355755,-0.0180725070921759
-0.0225118125101728,-0.0273701506832625,-0.0179045197224481
-0.0227209771042274,-0.0274949211027614,-0.0177425569622177
-0.022921030261874,-0.0276139034860527,-0.017586454836165
-0.023112229643338,-0.027727262430097,-0.0174360533347102
-0.0232948266282081,-0.0278351585289113,-0.017291196323982
-0.0234690664575735,-0.027937748463666,-0.017151731457751
-0.0236351883730794,-0.028035185090842,-0.017017510091284
-0.0237934257529695,-0.02812761752849,-0.0168883871970802
-0.0239440062451778,-0.0282151912406313,-0.0167642212824479
-0.0240871518975313,-0.0282980481198382,-0.0166448743088847
-0.0242230792851249,-0.0283763265680339,-0.0165302116132201
-0.024351999634929,-0.0284501615755468,-0.0164201018304854
-0.0244741189476867,-0.0285196847984582,-0.0163144168184722
-0.0245896381171587,-0.0285850246342767,-0.0162130315839467
-0.0246987530467714,-0.0286463062959772,-0.0161158242104796
-0.0248016547637243,-0.0287036518844358,-0.0160226757878627
-0.0248985295306079,-0.0287571804592969,-0.0159334703430736
-0.0249895589545881,-0.0288070081083035,-0.0158480947727596
-0.0250749200942051,-0.0288532480151244,-0.0157664387772048
-0.0251547855638397,-0.0288960105257087,-0.0156883947957511
-0.0252293236358965,-0.0289354032131995,-0.0156138579436419
-0.0252986983407494,-0.0289715309414362,-0.0155427259502562
-0.0253630695645008,-0.029004495927076,-0.0154748990987062
-0.0254225931445982,-0.0290343978003641,-0.0154102801667669
-0.0254774209633544,-0.0290613336645781,-0.0153487743691105
-0.0255277010394163,-0.0290853981541792,-0.015290289300817
-0.0255735776172245,-0.0291066834916928,-0.0152347348821346
-0.025615191254508,-0.0291252795433494,-0.0151820233044616
-0.025652678907855,-0.0291412738735085,-0.0151320689775256
-0.0256861740164002,-0.0291547517978934,-0.015084788477732
-0.0257158065836702,-0.0291657964356618,-0.0150401004976594
-0.0257417032576238,-0.029174488760335,-0.0149979257966746
-0.0257639874089282,-0.0291809076496131,-0.0149581871526451
-0.0257827792075072,-0.029185129934096,-0.0149208093147247
-0.0257981956973988,-0.0291872304449367,-0.0148857189571891
-0.0258103508699573,-0.029187282060447,-0.0148528446342997
-0.025819355735437,-0.0291853557516799,-0.0148221167361715
-0.0258253183929901,-0.0291815206270081,-0.0147934674456267
-0.0258283440991147,-0.0291758439757223,-0.0147668306960092
-0.0258285353345837,-0.0291683913106683,-0.0147421421299422
-0.0258259918698891,-0.029159226409944,-0.0147193390590064
-0.0258208108292326,-0.0291484113576765,-0.0146983604243208
-0.0258130867530936,-0.0291360065838986,-0.0146791467580052
-0.0258029116594052,-0.0291220709035434,-0.0146616401455056
-0.025790375103368,-0.0291066615545767,-0.014645784188765
-0.0257755642359311,-0.0290898342352846,-0.0146315239702193
-0.0257585638609685,-0.0290716431407355,-0.0146188060176028
-0.025739456491179,-0.0290521409984327,-0.0146075782695433
-0.0257183224027381,-0.0290313791031756,-0.0145977900419322
-0.025695239688726,-0.0290094073511466,-0.0145893919950503
-0.0256702843113619,-0.0289862742732398,-0.0145823361014355
-0.0256435301530662,-0.0289620270676477,-0.0145765756144733
-0.0256150490663794,-0.0289367116317229,-0.0145720650376982
-0.0255849109227599,-0.0289103725931267,-0.0145687600947866
-0.0255531836602854,-0.0288830533402864,-0.0145666177002288
-0.025519933330283,-0.0288547960521685,-0.0145655959306643
-0.0254852241429089,-0.0288256417273883,-0.0145656539968669
-0.0254491185117013,-0.0287956302126671,-0.0145667522163634
-0.0254116770971307,-0.0287648002306527,-0.0145688519866749
-0.0253729588491644,-0.0287331894071142,-0.0145719157591646
-0.0253330210488722,-0.028700834297529,-0.0145759070134808
-0.0252919193490904,-0.0286677704130702,-0.0145807902325802
-0.0252497078141644,-0.0286340322460104,-0.014586530878321
-0.0252064389587929,-0.0285996532945534,-0.0145930953676118
-0.0251621637859897,-0.0285646660871071,-0.0146004510491038
-0.0251169318241847,-0.0285291022060071,-0.0146085661804168
-0.025070791163481,-0.0284929923107064,-0.0146174099058841
-0.0250237884910882,-0.0284563661604397,-0.0146269522348075
-0.0249759691259481,-0.0284192526363756,-0.01463716402021
-0.0249273770525717,-0.0283816797632658,-0.0146480169380755
-0.0248780549541038,-0.0283436747306052,-0.0146594834670644
-0.0248280442446326,-0.0283052639133099,-0.014671536868696
-0.0247773851007605,-0.0282664728919265,-0.014684151167986
-0.0247261164924518,-0.0282273264723802,-0.0146973011345294
-0.0246742762131742,-0.0281878487052752,-0.0147109622640193
-0.0246219009093484,-0.0281480629047531,-0.0147251107601927
-0.0245690261091214,-0.0281079916669219,-0.0147397235171915
-0.0245156862504783,-0.0280676568878632,-0.014754778102333
-0.0244619147087069,-0.0280270797812279,-0.0147702527392776
-0.0244077438232298,-0.0279862808954288,-0.0147861262915867
-0.0243532049238169,-0.0279452801304387,-0.014802378246662
-0.024298328356193,-0.0279040967542027,-0.0148189887000579
-0.0242431435070528,-0.0278627494186737,-0.0148359383401573
-0.0241876788284966,-0.0278212561754787,-0.014853208433205
-0.0241319618619008,-0.0277796344912235,-0.0148707808086891
-0.0240760192612323,-0.0277379012624451,-0.0148886378450629
-0.0240198768158234,-0.0276960728302187,-0.014906762455801
-0.0239635594726149,-0.0276541649944255,-0.0149251380757804
-0.0239070913578828,-0.0276121930276924,-0.0149437486479805
-0.0238504957984565,-0.0275701716890058,-0.0149625786104945
-0.0237937953424432,-0.0275281152370119,-0.0149816128838457
-0.0237370117794659,-0.0274860374430057,-0.0150008368586014
-0.0236801661604295,-0.0274439516036185,-0.0150202363832771
-0.0236232788168216,-0.0274018705532102,-0.0150397977525276
-0.0235663693795618,-0.027359806675971,-0.0150595076956139
-0.0235094567974065,-0.0273177719177409,-0.0150793533651434
-0.0234525593549215,-0.0272757777975536,-0.0150993223260763
-0.0233956946900304,-0.0272338354189074,-0.0151194025449914
-0.0233388798111494,-0.0271919554807739,-0.0151395823796064
-0.0232821311139157,-0.0271501482883466,-0.0151598505685468
-0.0232254643975217,-0.0271084237635368,-0.0151801962213579
-0.0231688948806607,-0.027066791455222,-0.0152006088087532
-0.0231124372170945,-0.0270252605492526,-0.0152210781530969
-0.0230561055108511,-0.0269838398782218,-0.0152415944191113
-0.0229999133310602,-0.026942537931004,-0.0152621481048073
-0.0229438737264351,-0.0269013628620671,-0.0152827300326311
-0.0228879992394084,-0.0268603225005639,-0.0153033313408236
-0.0228323019199307,-0.0268194243592065,-0.0153239434749857
-0.0227767933389375,-0.0267786756429301,-0.0153445581798469
-0.0227214846014933,-0.0267380832573492,-0.0153651674912321
-0.0226663863596206,-0.0266976538170125,-0.015385763728221
-0.022611508824819,-0.026657393653459,-0.0154063394854969
-0.0225568617802838,-0.0266173088230825,-0.0154268876258801
-0.0225024545928281,-0.0265774051148051,-0.0154474012730423
-0.0224482962245175,-0.0265376880575684,-0.0154678738043969
-0.022394395244023,-0.0264981629276417,-0.0154882988441619
-0.0223407598376977,-0.026458834755756,-0.0155086702565914
-0.0222873978203846,-0.0264197083340633,-0.0155289821393723
-0.0222343166459614,-0.0263807882229292,-0.0155492288171802
-0.0221815234176276,-0.0263420787575589,-0.0155694048353948
-0.0221290248979408,-0.0263035840544635,-0.0155895049539676
-0.0220768275186065,-0.0262653080177676,-0.0156095241414396
-0.0220249373900284,-0.0262272543453634,-0.0156294575691068
-0.0219733603106239,-0.0261894265349147,-0.0156493006053279
-0.02192210177591,-0.0261518278897127,-0.0156690488099729
-0.0218711669873654,-0.0261144615243892,-0.0156886979290076
-0.0218205608610734,-0.0260773303704886,-0.0157082438892137
-0.021770288036151,-0.0260404371819024,-0.0157276827930367
-0.0217203528829686,-0.02600378454017,-0.0157470109135641
-0.0216707595111658,-0.025967374859648,-0.0157662246896265
-0.0216215117774667,-0.0259312103925512,-0.0157853207210217
-0.0215726132933014,-0.0258952932338687,-0.0158042957638567
-0.0215240674322356,-0.0258596253261572,-0.0158231467260072
-0.021475877337215,-0.0258242084642147,-0.0158418706626891
-0.021428045927627,-0.0257890442996374,-0.0158604647721427
-0.021380575906185,-0.0257541343452627,-0.0158789263914235
-0.0213334697656393,-0.0257194799794996,-0.0158972529923003
-0.0212867297953176,-0.025685082450551,-0.0159154421772557
-0.0212403580875007,-0.0256509428805291,-0.0159334916755881
-0.0211943565436352,-0.0256170622694666,-0.0159513993396118
-0.0211487268803894,-0.0255834414992263,-0.0159691631409544
-0.0211034706355534,-0.0255500813373112,-0.0159867811669469
-0.0210585891737893,-0.0255169824405777,-0.0160042516171069
-0.0210140836922329,-0.0254841453588535,-0.0160215727997109
-0.0209699552259532,-0.0254515705384636,-0.0160387431284541
-0.0209262046532694,-0.0254192583256653,-0.0160557611191961
-0.0208828327009312,-0.0253872089699944,-0.0160726253867906
-0.0208398399491662,-0.0253554226275259,-0.0160893346419952
-0.0207972268365941,-0.0253238993640498,-0.0161058876884626
-0.020754993665015,-0.0252926391581647,-0.0161222834198083
-0.0207131406040716,-0.0252616419042906,-0.0161385208167551
-0.0206716676957895,-0.0252309074156033,-0.0161545989443513
-0.020630574858999,-0.0252004354268926,-0.0161705169492612
-0.02058986189364,-0.0251702255973442,-0.016186274057127
-0.0205495284849537,-0.0251402775132497,-0.0162018695699988
