-0.0208074080084846,-0.026832950706804,-0.0192405839200499
-0.0205732136545447,-0.027162158308312,-0.0194632726792074
-0.0203474092398765,-0.0274782301828804,-0.0196771575930748
-0.0201297656003703,-0.0277815306981258,-0.0198824823408826
-0.0199200591315991,-0.0280724153869827,-0.0200794846937045
-0.0197180716623519,-0.0283512311473188,-0.0202683966480409
-0.0195235903309286,-0.0286183164372288,-0.0204494445565079
-0.0193364074641375,-0.0288740014661008,-0.0206228492556936
-0.0191563204589378,-0.0291186083815403,-0.0207888261912402
-0.0189831316666706,-0.02935245145224,-0.0209475855402109
-0.0188166482798257,-0.0295758372468839,-0.0210993323307999
-0.0186566822212855,-0.0297890648091637,-0.0212442665594394
-0.0185030500359995,-0.029992425828995,-0.0213825833053603
-0.0183555727850324,-0.0301862048100094,-0.0215144728426589
-0.0182140759419378,-0.0303706792334028,-0.0216401207499249
-0.0180783892914084,-0.0305461197182178,-0.0217597080174781
-0.0179483468301522,-0.0307127901781321,-0.0218734111522687
-0.0178237866699493,-0.0308709479748309,-0.0219814022804867
-0.0177045509428415,-0.0310208440680325,-0.0220838492479328
-0.0175904857084093,-0.0311627231622389,-0.0221809157181941
-0.0174814408630927,-0.0312968238502807,-0.0222727612686746
-0.0173772700515111,-0.0314233787537246,-0.0223595414845238
-0.0172778305797397,-0.0315426146602083,-0.022441408050509
-0.0171829833305019,-0.0316547526577705,-0.0225185088408738
-0.0170925926802338,-0.0317600082662367,-0.0225909880072274
-0.0170065264179844,-0.0318585915657256,-0.0226589860645043
-0.0169246556661101,-0.0319507073223365,-0.0227226399750371
-0.0168468548027236,-0.0320365551110764,-0.0227820832307819
-0.0167730013858637,-0.0321163294360878,-0.0228374459337353
-0.0167029760793458,-0.0321902198482317,-0.0228888548745813
-0.0166366625802574,-0.0322584110600845,-0.0229364336096069
-0.0165739475480644,-0.032321083058402,-0.0229803025359228
-0.0165147205352937,-0.0323784112141062,-0.0230205789650235
-0.0164588739197561,-0.0324305663898454,-0.0230573771947254
-0.0164063028382797,-0.0324777150451815,-0.0230908085795149
-0.016356905121918,-0.0325200193394535,-0.0231209815993417
-0.0163105812326034,-0.0325576372323675,-0.0231480019268904
-0.0162672342012133,-0.0325907225823616,-0.0231719724933616
-0.0162267695670202,-0.0326194252427931,-0.0231929935527968
-0.0161890953184934,-0.0326438911559948,-0.0232111627449754
-0.0161541218354263,-0.0326642624452447,-0.0232265751569178
-0.0161217618323575,-0.0326806775046965,-0.0232393233830194
-0.0160919303032598,-0.0326932710873106,-0.0232494975838513
-0.01606454446747,-0.0327021743908325,-0.0232571855436497
-0.0160395237168304,-0.0327075151418573,-0.0232624727265277
-0.0160167895640189,-0.0327094176780219,-0.0232654423314323
-0.0159962655920386,-0.0327080030283675,-0.0232661753458775
-0.0159778774048443,-0.0327033889919081,-0.023264750598477
-0.0159615525790819,-0.0326956902144456,-0.0232612448103029
-0.015947220616912,-0.0326850182636691,-0.0232557326450969
-0.0159348128999007,-0.0326714817025742,-0.0232482867583569
-0.0159242626439488,-0.0326551861612397,-0.023238977845325
-0.0159155048552398,-0.0326362344069963,-0.0232278746878984
-0.0159084762871847,-0.0326147264130221,-0.0232150442004888
-0.0159031153983396,-0.0325907594253975,-0.0232005514748512
-0.0158993623112778,-0.0325644280286568,-0.0231844598239051
-0.0158971587723937,-0.0325358242098629,-0.0231668308245691
-0.0158964481126187,-0.0325050374212423,-0.0231477243596324
-0.0158971752090296,-0.0324721546414079,-0.0231271986586805
-0.0158992864473294,-0.0324372604352029,-0.0231053103380986
-0.0159027296851822,-0.0324004370121929,-0.0230821144401713
-0.0159074542163829,-0.0323617642838373,-0.0230576644712986
-0.0159134107358435,-0.032321319919369,-0.0230320124393463
-0.0159205513053791,-0.0322791794004071,-0.0230052088901515
-0.0159288293202745,-0.0322354160743348,-0.0229773029431999
-0.0159381994766156,-0.0321901012064657,-0.0229483423264937
-0.0159486177393687,-0.0321433040310262,-0.0229183734106263
-0.01596004131119,-0.0320950918009786,-0.0228874412420842
-0.0159724286019518,-0.0320455298367124,-0.0228555895757889
-0.0159857391989668,-0.0319946815736264,-0.022822860906898
-0.0159999338378972,-0.0319426086086253,-0.0227892965018814
-0.0160149743743334,-0.0318893707455569,-0.0227549364288873
-0.0160308237560253,-0.0318350260396108,-0.0227198195874142
-0.0160474459957559,-0.0317796308407013,-0.022683983737304
-0.0160648061448391,-0.0317232398358583,-0.0226474655270713
-0.0160828702672301,-0.031665906090647,-0.0226103005215823
-0.0161016054142345,-0.0316076810896354,-0.0225725232290991
-0.0161209795998028,-0.0315486147759358,-0.0225341671277021
-0.0161409617763969,-0.0314887555898337,-0.0224952646911046
-0.0161615218114171,-0.0314281505065302,-0.0224558474138726
-0.0161826304641759,-0.0313668450730135,-0.0224159458360633
-0.0162042593634072,-0.03130488344408,-0.0223755895672946
-0.0162263809852997,-0.0312423084175237,-0.0223348073102589
-0.0162489686320407,-0.0311791614685112,-0.0222936268836919
-0.0162719964108619,-0.0311154827831622,-0.0222520752448097
-0.0162954392135733,-0.0310513112913504,-0.022210178511226
-0.0163192726965767,-0.0309866846987436,-0.0221679619823597
-0.0163434732613462,-0.0309216395180996,-0.0221254501603449
-0.0163680180353667,-0.0308562110998344,-0.0220826667704543
-0.0163928848535193,-0.0307904336618771,-0.0220396347810468
-0.0164180522399046,-0.0307243403188302,-0.021996376423049
-0.0164434993900926,-0.0306579631104475,-0.0219529132089819
-0.0164692061537917,-0.0305913330294473,-0.021909265951543
-0.0164951530179254,-0.0305244800486743,-0.0218654547817518
-0.0165213210901092,-0.0304574331476234,-0.0218214991666709
-0.016547692082518,-0.0303902203383437,-0.0217774179267105
-0.016574248296135,-0.0303228686907304,-0.0217332292525256
-0.0166009726053745,-0.0302554043572243,-0.0216889507215156
-0.0166278484430687,-0.0301878525969273,-0.0216445993139353
-0.0166548597858125,-0.0301202377991497,-0.0216001914286244
-0.0166819911396562,-0.0300525835064006,-0.0215557428983661
-0.0167092275261387,-0.029984912436835,-0.0215112690048813
-0.0167365544686553,-0.0299172465061673,-0.0214667844934678
-0.01676395797915,-0.0298496068490667,-0.0214223035872912
-0.0167914245451262,-0.0297820138400428,-0.0213778400013372
-0.0168189411169698,-0.0297144871138343,-0.0213334069560302
-0.0168464950955751,-0.0296470455853119,-0.0212890171905278
-0.0168740743202682,-0.029579707468906,-0.0212446829756979
-0.0169016670570222,-0.0295124902975701,-0.0212004161267854
-0.0169292619869549,-0.0294454109412892,-0.0211562280157746
-0.0169568481951048,-0.0293784856251457,-0.0211121295834561
-0.016984415159478,-0.0293117299469502,-0.0210681313512034
-0.0170119527403608,-0.0292451588944488,-0.0210242434324653
-0.0170394511698911,-0.0291787868621151,-0.0209804755439821
-0.0170669010418822,-0.0291126276675382,-0.020936837016731
-0.0170942933018956,-0.0290466945674127,-0.0208933368066062
-0.0171216192375541,-0.028981000273143,-0.0208499835048405
-0.0171488704690923,-0.0289155569660684,-0.0208067853481742
-0.0171760389401373,-0.0288503763123186,-0.0207637502287768
-0.017203116908715,-0.0287854694773072,-0.020720885703927
-0.0172300969384776,-0.0287208471398723,-0.0206781990054568
-0.0172569718901454,-0.0286565195060718,-0.0206356970489642
-0.0172837349131601,-0.0285924963226402,-0.0205933864428019
-0.0173103794375428,-0.0285287868901173,-0.0205512734968438
-0.0173368991659539,-0.0284654000756526,-0.0205093642310375
-0.0173632880659488,-0.0284023443254965,-0.0204676643837461
-0.0173895403624249,-0.0283396276771822,-0.0204261794198834
-0.0174156505302568,-0.0282772577714074,-0.0203849145388498
-0.0174416132871142,-0.0282152418636224,-0.0203438746822704
-0.0174674235864586,-0.0281535868353304,-0.0203030645415421
-0.0174930766107148,-0.0280922992051075,-0.0202624885651925
-0.0175185677646126,-0.0280313851393481,-0.0202221509660568
-0.0175438926686959,-0.0279708504627428,-0.0201820557282742
-0.0175690471529944,-0.0279107006684943,-0.0201422066141107
-0.0175940272508539,-0.0278509409282777,-0.0201026071706106
-0.0176188291929227,-0.0277915761019503,-0.020063260736081
-0.0176434494012888,-0.0277326107470183,-0.0200241704464133
-0.0176678844837664,-0.0276740491278642,-0.0199853392412455
-0.0176921312283267,-0.0276158952247415,-0.019946769869969
-0.0177161865976696,-0.0275581527425416,-0.0199084648975835
-0.0177400477239339,-0.0275008251193388,-0.0198704267104021
-0.0177637119035427,-0.0274439155347177,-0.0198326575216139
-0.01778717659218,-0.0273874269178885,-0.0197951593767024
-0.0178104393998957,-0.0273313619555952,-0.0197579341587268
-0.0178334980863372,-0.0272757230998215,-0.0197209835934683
-0.0178563505561022,-0.0272205125752986,-0.0196843092544435
-0.0178789948542124,-0.0271657323868204,-0.0196479125677895
-0.0179014291617037,-0.0271113843263702,-0.0196117948170233
-0.0179236517913305,-0.027057469980062,-0.0195759571476772
-0.0179456611833815,-0.0270039907349037,-0.0195404005718153
-0.0179674559016046,-0.026950947785384,-0.019505125972432
-0.0179890346292375,-0.0268983421398866,-0.019470134107736
-0.0180103961651427,-0.0268461746269388,-0.019435425615323
-0.0180315394200432,-0.0267944459012955,-0.0194010010162386
-0.0180524634128575,-0.0267431564498634,-0.0193668607189344
-0.0180731672671307,-0.0266923065974698,-0.0193330050231213
-0.0180936502075602,-0.0266418965124786,-0.0192994341235191
-0.0181139115566131,-0.0265919262122582,-0.019266148113509
-0.0181339507312335,-0.0265423955685037,-0.0192331469886877
-0.0181537672396374,-0.0264933043124181,-0.0192004306503272
