-3.07893868044091e-05,-4.85541654461646e-05,-3.7491970973532e-05
-4.39627682833945e-05,-6.6382760764615e-05,-5.28276914494258e-05
-5.43415996370024e-05,-7.85662800006836e-05,-6.44638357957037e-05
-6.33057201834595e-05,-8.76303388121949e-05,-7.41642751443353e-05
-7.13813577145576e-05,-9.45940578072379e-05,-8.26150590538833e-05
-7.88340546493514e-05,-0.000100001257204344,-9.01694368637523e-05
-8.58188872801607e-05,-0.000104187845247322,-9.70380781154924e-05
-9.24351063001428e-05,-0.000107381235323188,-0.000103358779276256
-9.87503806164758e-05,-0.000109745422746871,-0.000109227623406064
-0.00010481304100085,-0.000111404249014969,-0.000114714835947258
-0.000110658859863587,-0.000112454569473846,-0.000119873632931731
-0.000116315074600392,-0.00011297424293136,-0.000124745513771715
-0.000121802907906186,-0.000113027250747224,-0.000129363604095554
-0.000127139216752576,-0.000112667123936751,-0.000133754861486135
-0.000132337610560563,-0.000111939322117491,-0.00013794158434895
-0.000137409232476787,-0.00011088293584124,-0.000141942475766284
-0.000142363319314204,-0.000109531936724939,-0.000145773413148291
-0.00014720761172891,-0.000107916116257698,-0.000149448017536166
-0.000151948660447456,-0.000106061804695478,-0.00015297808293084
-0.000156592058722371,-0.000103992431085622,-0.00015637390561338
-0.000161142621397977,-0.000101728966222411,-0.000159644540587505
-0.000165604524660897,-9.92902778027094e-05,-0.000162798003975087
-0.000169981416387012,-9.66934186860391e-05,-0.000165841434696009
-0.000174276504189532,-9.39538634568466e-05,-0.000168781225039309
-0.000178492626342191,-9.10857045165894e-05,-0.000171623127160018
-0.000182632309400227,-8.81018161215613e-05,-0.000174372340727894
-0.000186697815380585,-8.50139927590605e-05,-0.000177033585662208
-0.000190691180669048,-8.18330667766095e-05,-0.000179611162950202
-0.000194614248314583,-7.85690090852852e-05,-0.00018210900585872
-0.000198468694995375,-7.52310159382853e-05,-0.000184530723336524
-0.000202256053659705,-7.18275841646188e-05,-0.00018687963701973
-0.000205977732631781,-6.83665767616607e-05,-0.000189158812959875
-0.00020963503180989,-6.48552803821746e-05,-0.000191371088969236
-0.0002132291564588,-6.13004559637064e-05,-0.000193519098303812
-0.000216761229000641,-5.77083835220064e-05,-0.000195605290268116
-0.000220232299132107,-5.40849019503714e-05,-0.000197631948218731
-0.000223643352535348,-5.04354445230453e-05,-0.000199601205358339
-0.000226995318401907,-4.67650706851877e-05,-0.000201515058644012
-0.000230289075950699,-4.30784946179781e-05,-0.000203375381078682
-0.000233525460089956,-3.93801109910003e-05,-0.000205183932610489
-0.000236705266348142,-3.56740182511278e-05,-0.000206942369828542
-0.000239829255178331,-3.19640397454154e-05,-0.000208652254614157
-0.000242898155723932,-2.82537429323807e-05,-0.00021031506188228
-0.000245912669119802,-2.45464569003743e-05,-0.000211932186527604
-0.000248873471391551,-2.08452883814989e-05,-0.000213504949673339
-0.000251781216006346,-1.71531364244633e-05,-0.000215034604306453
-0.000254636536120679,-1.347270586825e-05,-0.000216522340371625
-0.00025744004656408,-9.8065197404138e-06,-0.000217969289386177
-0.00026019234559205,-6.15693068835646e-06,-0.000219376528630032
-0.000262894016437074,-2.52613153871816e-06,-0.000220745084957582
-0.00026554562868247,1.08383493133352e-06,-0.000222075938272384
-0.000268147739480501,4.67106693691557e-06,-0.000223370024700426
-0.00027070089463348,8.23379527672291e-06,-0.00022462823949331
-0.000273205629553956,1.17703755146323e-05,-0.000225851439688919
-0.000275662470118175,1.52792806996616e-05,-0.000227040446553812
-0.000278071933425109,1.87590945780204e-05,-0.000228196047828845
-0.000280434528471868,2.22085052557631e-05,-0.000229318999796963
-0.000282750756754967,2.56262992748593e-05,-0.000230410029190059
-0.000285021112805741,2.9011356069219e-05,-0.000231469834949863
-0.000287246084667276,3.23626427705572e-05,-0.000232499089856295
-0.000289426154319273,3.56792093368417e-05,-0.000233498442035119
-0.000291561798056577,3.8960183978719e-05,-0.000234468516355677
-0.000293653486826416,4.22047688615932e-05,-0.000235409915728266
-0.000295701686528802,4.54122360630528e-05,-0.000236323222309715
-0.000297706858284081,4.85819237671806e-05,-0.000237208998624998
-0.000299669458671134,5.17132326789599e-05,-0.000238067788611794
-0.00030158993993941,5.48056226433495e-05,-0.000238900118594347
-0.000303468750197492,5.78586094550332e-05,-0.00023970649819231
-0.00030530633358079,6.08717618459125e-05,-0.000240487421169771
-0.00030710313040049,6.38446986385586e-05,-0.000241243366229108
-0.000308859577275816,6.67770860547542e-05,-0.000241974797753991
-0.000310576107251291,6.96686351691355e-05,-0.000242682166505349
-0.000312253149900708,7.25190994987141e-05,-0.000243365910273893
-0.000313891131419074,7.53282727198054e-05,-0.000244026454492389
-0.000315490474703951,7.80959865044742e-05,-0.00024466421281062
-0.000317051599427234,8.08221084692755e-05,-0.000245279587635766
-0.000318574922098439,8.35065402294992e-05,-0.00024587297064064
-0.000320060856120397,8.61492155527622e-05,-0.000246444743242058
-0.00032150981183821,8.87500986060531e-05,-0.000246995277051432
-0.000322922196582166,9.13091822909229e-05,-0.000247524934299454
-0.000324298414705346,9.3826486661749e-05,-0.0002480340682367
-0.00032563886761643,9.63020574224454e-05,-0.000248523023511699
-0.000326943953808367,9.87359644972156e-05,-0.000248992136528025
-0.000328214068883263,0.000101128300671328,-0.000249441735781729
-0.000329449605574024,0.000103479180298076,-0.000249872142180456
-0.000330650953763105,0.000105788738068388,-0.000250283669345345
-0.000331818500498711,0.000108057127839737,-0.000250676623896875
-0.000332952630008799,0.000110284521521281,-0.000251051305725625
-0.00033405372371314,0.000112471108012233,-0.000251408008248896
-0.00033512216023372,0.000114617092190785,-0.000251747018654067
-0.000336158315403692,0.000116722693950981,-0.00025206861812949
-0.000337162562275092,0.000118788147285093,-0.000252373082083687
-0.000338135271125528,0.000120813699409261,-0.000252660680353528
-0.000339076809463983,0.000122799609930209,-0.000252931677402058
-0.000339987542035868,0.00012474615005106,-0.00025318633250657
-0.000340867830827538,0.000126653601814287,-0.000253424899937501
-0.000341718035070262,0.000128522257380038,-0.000253647629128671
-0.0003425385112439,0.000130352418338136,-0.00025385476483935
-0.000343329613080258,0.000132144395052126,-0.00025404654730864
-0.000344091691566288,0.000133898506033852,-0.000254223212402585
-0.000344825094947167,0.000135615077347178,-0.000254384991754395
-0.000345530168729343,0.0001372944420394,-0.000254532112898222
-0.00034620725568359,0.000138936939599173,-0.000254664799396762
-0.000346856695848147,0.000140542915439635,-0.000254783270963087
-0.000347478826531958,0.000142112720405626,-0.000254887743576977
-0.000348073982318079,0.000143646710303911,-0.00025497842959605
-0.000348642495067283,0.000145145245455328,-0.00025505553786199
-0.00034918469392186,0.000146608690267897,-0.000255119273802085
-0.000349700905309694,0.000148037412829959,-0.000255169839526378
-0.000350191452948602,0.000149431784522422,-0.000255207433920602
-0.000350656657850939,0.000150792179649312,-0.000255232252735151
-0.000351096838328543,0.000152118975085769,-0.000255244488670279
-0.000351512309997964,0.000153412549942754,-0.000255244331457715
-0.000351903385786035,0.000154673285247746,-0.000255231967938879
-0.000352270375935778,0.000155901563640683,-0.000255207582139859
-0.000352613588012631,0.000157097769084538,-0.000255171355343334
-0.000352933326911047,0.000158262286589874,-0.000255123466157562
-0.000353229894861407,0.000159395501952755,-0.000255064090582597
-0.000353503591437306,0.000160497801505488,-0.000254993402073867
-0.00035375471356316,0.000161569571879595,-0.000254911571603236
-0.000353983555522173,0.00016261119978052,-0.000254818767717675
-0.00035419040896464,0.000163623071773568,-0.000254715156595652
-0.000354375562916576,0.000164605574080594,-0.000254600902101358
-0.000354539303788695,0.000165559092386985,-0.000254476165836858
-0.000354681915385697,0.000166484011658493,-0.000254341107192279
-0.000354803678915888,0.000167380715967532,-0.000254195883394109
-0.000354904873001104,0.000168249588328487,-0.00025404064955172
-0.000354985773686952,0.000169091010541708,-0.000253875558702167
-0.000355046654453334,0.000169905363045794,-0.000253700761853363
-0.000355087786225292,0.000170693024777815,-0.000253516408025704
-0.000355109437384093,0.000171454373041164,-0.000253322644292201
-0.000355111873778629,0.000172189783380695,-0.000253119615817192
-0.000355095358737068,0.000172899629464836,-0.000252907465893709
-0.000355060153078754,0.000173584282974424,-0.00025268633597954
-0.000355006515126365,0.00017424411349792,-0.000252456365732067
-0.000354934700718327,0.000174879488432795,-0.000252217693041908
-0.000354844963221421,0.000175490772892787,-0.000251970454065443
-0.000354737553543654,0.000176078329620796,-0.000251714783256248
-0.000354612720147317,0.000176642518907191,-0.000251450813395504
-0.000354470709062258,0.000177183698513269,-0.00025117867562141
-0.000354311763899353,0.000177702223599695,-0.000250898499457661
-0.000354136125864155,0.000178198446659674,-0.000250610412841007
-0.000353944033770733,0.000178672717456662,-0.000250314542147956
-0.000353735724055679,0.000179125382966444,-0.000250011012220642
-0.00035351143079227,0.000179556787323374,-0.000249699946391901
-0.000353271385704787,0.0001799672717706,-0.000249381466509581
-0.000353015818182987,0.00018035717461412,-0.000249055692960128
-0.0003527449552967,0.000180726831180485,-0.000248722744691474
-0.00035245902181056,0.000181076573778007,-0.00024838273923524
-0.000352158240198867,0.000181406731661317,-0.000248035792728322
-0.00035184283066055,0.00018171763099912,-0.000247682019933839
-0.000351513011134233,0.00018200959484503,-0.000247321534261496
-0.000351168997313427,0.00018228294311132,-0.000246954447787392
-0.000350811002661775,0.00018253799254549,-0.00024658087127326
-0.000350439238428418,0.000182775056709506,-0.000246200914185212
-0.000350053913663412,0.000182994445961608,-0.000245814684711965
-0.00034965523523324,0.000183196467440563,-0.000245422289782585
-0.000349243407836364,0.000183381425052259,-0.000245023835083788
-0.00034881863401886,0.000183549619458528,-0.000244619425076769
-0.000348381114190087,0.000183701348068121,-0.000244209163013633
