-0.00121988789908012,0.00302675325156823,-1.8533263297284e-05
-0.00122010029453312,0.00303469059540749,-2.49396085567042e-05
-0.00122027103570395,0.00304208173523736,-3.1074773129159e-05
-0.00122040125076728,0.00304894370183405,-3.69464517173936e-05
-0.0012204920441248,0.00305529309273247,-4.25621520675324e-05
-0.00122054449685972,0.00306114608227185,-4.79291991801543e-05
-0.00122055966718288,0.00306651843142007,-5.30547394305668e-05
-0.00122053859087076,0.00307142549738175,-5.7945744600179e-05
-0.00122048228169549,0.00307588224299456,-6.26090158208401e-05
-0.00122039173184693,0.00307990324591814,-6.70511874339599e-05
-0.00122026791234706,0.00308350270762031,-7.12787307662217e-05
-0.00122011177345674,0.00308669446216472,-7.52979578236068e-05
-0.00121992424507504,0.00308949198480416,-7.91150249054812e-05
-0.00121970623713128,0.00309190840038381,-8.27359361403963e-05
-0.00121945863996977,0.00309395649155838,-8.61665469452582e-05
-0.00121918232472761,0.00309564870682713,-8.9412567409491e-05
-0.00121887814370544,0.00309699716839073,-9.24795656057602e-05
-0.00121854693073148,0.00309801367983371,-9.53729708287831e-05
-0.00121818950151879,0.00309870973363622,-9.80980767637908e-05
-0.00121780665401603,0.00309909651851884,-0.000100660044586063
-0.0012173991687517,0.00309918492662391,-0.000103063905993057
-0.00121696780917214,0.00309898556053701,-0.000105314566170474
-0.00121651332197313,0.00309850874015184,-0.000107416806693732
-0.00121603643742561,0.00309776450938209,-0.00010937528836615
-0.00121553786969521,0.00309676264272339,-0.000111194553995228
-0.00121501831715598,0.00309551265166863,-0.000112879031108285
-0.00121447846269829,0.00309402379097989,-0.000114433034608779
-0.00121391897403105,0.00309230506481988,-0.000115860769374525
-0.00121334050397841,0.00309036523274609,-0.000117166332799085
-0.00121274369077084,0.00308821281557053,-0.000118353717277482
-0.001212129158331,0.00308585610108793,-0.000119426812637457
-0.00121149751655418,0.00308330314967529,-0.000120389408517411
-0.00121084936158362,0.00308056179976553,-0.000121245196692151
-0.00121018527608071,0.00307763967319799,-0.000121997773347567
-0.00120950582949018,0.00307454418044835,-0.000122650641305302
-0.00120881157830043,0.00307128252574071,-0.0001232072121985
-0.00120810306629892,0.00306786171204424,-0.000123670808599653
-0.00120738082482293,0.00306428854595702,-0.000124044666101567
-0.00120664537300558,0.00306056964247948,-0.00012433193535247
-0.00120589721801735,0.0030567114296797,-0.000124535684046174
-0.00120513685530308,0.00305272015325313,-0.00012465889886835
-0.00120436476881454,0.0030486018809789,-0.000124704487399733
-0.0012035814312387,0.00304436250707496,-0.000124675279977268
-0.00120278730422175,0.00304000775645422,-0.000124574031514048
-0.00120198283858892,0.00303554318888402,-0.000124403423278931
-0.00120116847456024,0.0030309742030508,-0.000124166064636702
-0.00120034464196226,0.00302630604053213,-0.000123864494749629
-0.00119951176043578,0.00302154378967822,-0.00012350118424121
-0.00119867023963978,0.00301669238940467,-0.000123078536822942
-0.00119782047945147,0.00301175663289861,-0.000122598890884927
-0.00119696287016263,0.00300674117123997,-0.000122064521051011
-0.00119609779267225,0.00300165051693979,-0.000121477639699319
-0.00119522561867564,0.00299648904739738,-0.000120840398448829
-0.00119434671084988,0.00299126100827815,-0.000120154889612791
-0.00119346142303591,0.00298597051681372,-0.000119423147619647
-0.00119257010041712,0.00298062156502616,-0.000118647150402184
-0.0011916730796946,0.00297521802287791,-0.000117828820755585
-0.00119077068925918,0.00296976364134907,-0.000116970027665053
-0.00118986324936012,0.00296426205544367,-0.000116072587603667
-0.00118895107227072,0.00295871678712638,-0.000115138265801092
-0.00118803446245076,0.00295313124819128,-0.000114168777483784
-0.00118711371670586,0.00294750874306423,-0.000113165789087317
-0.00118618912434398,0.00294185247154012,-0.000112130919441401
-0.00118526096732875,0.00293616553145662,-0.000111065740928202
-0.00118432952043009,0.00293045092130572,-0.000109971780614546
-0.00118339505137188,0.0029247115427845,-0.000108850521358546
-0.00118245782097693,0.0029189502032864,-0.000107703402891223
-0.00118151808330908,0.00291316961833436,-0.000106531822873662
-0.00118057608581276,0.00290737241395713,-0.000105337137930225
-0.00117963206944978,0.0029015611290099,-0.000104120664658339
-0.00117868626883361,0.00289573821744065,-0.000102883680615374
-0.00117773891236107,0.00288990605050323,-0.000101627425283096
-0.00117679022234156,0.00288406691891858,-0.000100353101010206
-0.00117584041512379,0.00287822303498494,-9.90618739333935e-05
-0.0011748897012201,0.00287237653463857,-9.77548748774236e-05
-0.00117393828542851,0.00286652947946565,-9.64332002346868e-05
-0.00117298636695228,0.00286068385866684,-9.50979128246549e-05
-0.00117203413951737,0.00285484159097522,-9.37500427336896e-05
-0.00117108179148752,0.00284900452652901,-9.23905881356294e-05
-0.00117012950597723,0.00284317444869961,-9.10205160935724e-05
-0.00116917746096248,0.00283735307587649,-8.96407633432687e-05
-0.00116822582938948,0.00283154206320939,-8.82522370585107e-05
-0.0011672747792812,0.00282574300430921,-8.68558155989444e-05
-0.0011663244738419,0.00281995743290818,-8.54523492406423e-05
-0.00116537507155974,0.00281418682448049,-8.40426608898475e-05
-0.0011644267263073,0.00280843259782404,-8.2627546780261e-05
-0.00116347958744022,0.00280269611660432,-8.12077771541984e-05
-0.00116253379989399,0.0027969786908613,-7.97840969280027e-05
-0.00116158950427881,0.00279128157847998,-7.83572263420482e-05
-0.00116064683697266,0.00278560598662563,-7.6927861595659e-05
-0.00115970593021256,0.00277995307314437,-7.54966754673033e-05
-0.00115876691218409,0.00277432394792996,-7.40643179203639e-05
-0.00115782990710917,0.00276871967425749,-7.2631416694794e-05
-0.00115689503533214,0.00276314127008474,-7.11985778850076e-05
-0.00115596241340421,0.00275758970932203,-6.97663865042663e-05
-0.00115503215416617,0.0027520659230711,-6.83354070358854e-05
-0.00115410436682968,0.00274657080083385,-6.69061839715383e-05
-0.00115317915705681,0.00274110519169163,-6.54792423369473e-05
-0.0011522566270381,0.00273566990545568,-6.40550882052443e-05
-0.00115133687556914,0.00273026571378935,-6.2634209198268e-05
-0.00115041999812561,0.00272489335130287,-6.12170749760629e-05
-0.00114950608693689,0.00271955351662122,-5.9804137714849e-05
-0.00114859523105818,0.00271424687342567,-5.83958325737174e-05
-0.00114768751644133,0.0027089740514696,-5.69925781502837e-05
-0.00114678302600412,0.00270373564756936,-5.55947769255855e-05
-0.00114588183969834,0.00269853222657042,-5.42028156984033e-05
-0.00114498403457648,0.00269336432228973,-5.28170660093007e-05
-0.00114408968485705,0.0026882324384345,-5.14378845545729e-05
-0.00114319886198871,0.00268313704949824,-5.00656135903456e-05
-0.00114231163471311,0.00267807860163434,-4.87005813270318e-05
-0.0011414280691265,0.00267305751350787,-4.73431023143801e-05
-0.00114054822874007,0.00266807417712603,-4.59934778173073e-05
-0.0011396721745392,0.00266312895864772,-4.46519961827244e-05
-0.00113879996504146,0.0026582221991728,-4.33189331975729e-05
-0.00113793165635352,0.00265335421551138,-4.19945524382443e-05
-0.00113706730222688,0.00264852530093375,-4.06791056115925e-05
-0.00113620695411252,0.00264373572590125,-3.93728328877279e-05
-0.00113535066121451,0.00263898573877866,-3.80759632247645e-05
-0.0011344984705425,0.00263427556652842,-3.67887146857223e-05
-0.00113365042696317,0.00262960541538719,-3.5511294747732e-05
-0.00113280657325068,0.00262497547152505,-3.42439006037491e-05
-0.00113196695013611,0.00262038590168796,-3.29867194569176e-05
-0.00113113159635589,0.00261583685382356,-3.17399288077697e-05
-0.00113030054869931,0.00261132845769101,-3.05036967344101e-05
-0.00112947384205505,0.00260686082545497,-2.92781821658487e-05
-0.00112865150945675,0.00260243405226435,-2.80635351486354e-05
-0.0011278335821277,0.00259804821681598,-2.68598971069582e-05
-0.00112702008952467,0.00259370338190357,-2.56674010963311e-05
-0.00112621105938075,0.00258939959495254,-2.44861720510385e-05
-0.00112540651774745,0.00258513688854071,-2.33163270254748e-05
-0.00112460648903588,0.00258091528090544,-2.21579754295013e-05
-0.00112381099605709,0.00257673477643742,-2.10112192579811e-05
-0.00112302006006163,0.00257259536616144,-1.98761533146035e-05
-0.0011222337007783,0.00256849702820453,-1.87528654301432e-05
-0.00112145193645211,0.00256443972825161,-1.76414366752756e-05
-0.00112067478388143,0.00256042341998911,-1.65419415680647e-05
-0.00111990225845451,0.0025564480455367,-1.54544482762678e-05
-0.00111913437418505,0.00255251353586762,-1.43790188145466e-05
-0.00111837114374727,0.00254861981121753,-1.331570923673e-05
-0.00111761257851007,0.00254476678148262,-1.22645698232177e-05
-0.00111685868857061,0.0025409543466068,-1.12256452636583e-05
-0.00111610948278718,0.00253718239695848,-1.01989748349903e-05
-0.00111536496881136,0.00253345081369716,-9.18459257497027e-06
-0.00111462515311953,0.00252975946913,-8.1825274512832e-06
-0.00111389004104375,0.00252610822705866,-7.19280352633398e-06
-0.00111315963680199,0.00252249694311662,-6.21544011783357e-06
-0.00111243394352776,0.0025189254650973,-5.25045195526138e-06
-0.00111171296329904,0.00251539363327302,-4.29784933230853e-06
-0.00111099669716672,0.0025119012807052,-3.35763825539624e-06
-0.00111028514518239,0.00250844823354594,-2.42982058835524e-06
-0.00110957830642555,0.00250503431133115,-1.51439419336042e-06
-0.00110887617903028,0.00250165932726551,-6.11353068203117e-07
-0.00110817876021129,0.00249832308849944,2.79312520007894e-07
-0.00110748604628953,0.00249502539639815,1.15761590463676e-06
-0.00110679803271715,0.00249176604680326,2.02357389272089e-06
-0.00110611471410202,0.00248854483028679,2.87720664149694e-06
-0.00110543608423167,0.00248536153239804,3.71853753818239e-06
-0.00110476213609677,0.00248221593390333,4.54759308292699e-06
-0.0011040928619141,0.00247910781101884,5.36440277486492e-06
-0.00110342825314899,0.00247603693563675,6.16899900119532e-06
