0.00207373624341499,0.000248035677024764,0.0014986290772085
0.00287214394575502,0.000343119430681989,0.00206770926203465
0.00344480841675302,0.000411092415514663,0.0024704322395665
0.00389513725604568,0.000464398370930164,0.00278250970233873
0.00426423069913019,0.000507997837537213,0.00303418159019548
0.0045737069377362,0.000544507619234047,0.00324142896535827
0.00483673544972685,0.000575526247352873,0.00341403182594665
0.00506211464209018,0.000602124360715625,0.00355855278604722
0.00525610984904198,0.000625065997534872,0.00367968452513966
0.00542339640538671,0.000644922280743287,0.00378094248265158
0.00556759032474815,0.000662135476151648,0.00386505539923918
0.00569156841463676,0.000677057689868142,0.00393420136189595
0.00579767217659487,0.000689975555760985,0.00399015845616044
0.00588784350597078,0.000701126693286652,0.00403440523307652
0.00596371832829776,0.000710711084400672,0.00406819017845841
0.00602669320205609,0.000718899181488537,0.00409258123080595
0.00607797393380718,0.000725837837687116,0.00410850200407042
0.00611861186434329,0.000731654742829714,0.00411675888386974
0.00614953148464286,0.000736461807142365,0.00411806169567755
0.00617155181624719,0.000740357787142982,0.00411303974275755
0.00618540321737258,0.000743430354845369,0.00410225444206002
0.00619174077388738,0.000745757750712934,0.00408620941606528
0.00619115510008281,0.000747410120409602,0.00406535865192977
0.0061841811468437,0.000748450607898623,0.00404011317136556
0.00617130545713517,0.000748936258353397,0.00401084653808314
0.00615297219737974,0.000748918770855101,0.00397789944721455
0.00612958821340599,0.000748445131167625,0.00394158358193862
0.00610152730147521,0.000747558147821015,0.00390218487938338
0.00606913384195904,0.000746296909522579,0.00385996631600496
0.00603272591116076,0.000744697178014131,0.00381517029880018
0.00599259796252758,0.000742791727546174,0.00376802073067213
0.00594902314998203,0.000740610639884886,0.00371872480447564
0.00590225535181839,0.00073818156202614,0.00366747456962094
0.00585253094248896,0.000735529932435314,0.00361444830681494
0.00580007035087783,0.000732679180566093,0.00355981173999781
0.00574507943675134,0.000729650903565624,0.00350371910936612
0.00568775071156741,0.000726465023401467,0.00344631412525009
0.00562826442540326,0.000723139927102361,0.00338773081929737
0.00556678953818768,0.000719692592367669,0.00332809430673389
0.00550348459051702,0.000716138700442732,0.00326752147128887
0.00543849848695554,0.000712492737865798,0.00320612158258167
0.00537197120276553,0.000708768088450415,0.00314399685429582
0.00530403442339258,0.000704977116668788,0.0030812429502455
0.00523481212468893,0.000701131243434845,0.00301794944442404
0.00516442110073263,0.000697241015147566,0.00295420024027642
0.00509297144515858,0.000693316166738003,0.00289007395372411
0.00502056699112365,0.000689365679365294,0.00282564426386844
0.00494730571435545,0.000685397833323965,0.00276098023479087
0.00487328010316495,0.000681420256652819,0.00269614661143349
0.00479857749881481,0.000677439969876195,0.00263120409217391
0.00472328040921988,0.000673463427256359,0.00256620958039191
0.00464746679859907,0.000669496554889997,0.00250121641705195
0.00457121035538865,0.000665544785945242,0.00243627459609123
0.00449458074046152,0.000661613093299846,0.00237143096419881
0.00441764381746583,0.000657706019814744,0.00230672940639568
0.00434046186689605,0.000653827706449689,0.00224221101867079
0.00426309378533349,0.000649981918407281,0.00217791426879428
0.00418559527114208,0.000646172069471312,0.0021138751463118
0.00410801899776886,0.000642401244688934,0.00205012730262021
0.00403041477568249,0.000638672221531274,0.00198670218193426
0.00395282970387838,0.000634987489653452,0.00192362914387375
0.00387530831178744,0.000631349269363787,0.00186093557832999
0.00379789269234442,0.000627759528901093,0.00179864701320704
0.00372062262689962,0.000624220000610757,0.00173678721557811
0.00364353570259358,0.000620732196100492,0.00167537828674699
0.00356666742275789,0.00061729742045111,0.00161444075166125
0.00349005131085381,0.000613916785549783,0.00155399364308274
0.00341371900841472,0.000610591222607905,0.00149405458088728
0.00333770036741856,0.000607321493920774,0.00143463984683172
0.00326202353747867,0.000604108203920476,0.00137576445509956
0.00318671504820911,0.000600951809570464,0.00131744221890959
0.00311179988709099,0.000597852630145242,0.00125968581344859
0.00303730157313931,0.000594810856435822,0.0012025068353694
0.00296324222664533,0.000591826559418534,0.00114591585907498
0.00288964263524862,0.000588899698420629,0.00108992248999282
0.00281652231657164,0.000586030128815732,0.00103453541502858
0.00274389957763337,0.000583217609277576,0.000979762450372812
0.00267179157124003,0.000580461808619862,0.000925610586822066
0.0026002143495386,0.000577762312247048,0.000872086032764233
0.00252918291490279,0.000575118628240013,0.000819194254966368
0.00245871126830982,0.000572530193098077,0.000766940017294138
0.00238881245535581,0.000569996377157965,0.000715327417482346
0.00231949861004523,0.000567516489708008,0.000664359922068157
0.00225078099648208,0.000565089783816249,0.000614040399590973
0.00218267004858092,0.000562715460887736,0.000564371152155678
0.00211517540790793,0.000560392674967302,0.000515353945449593
0.0020483059597548,0.000558120536801724,0.00046699003729778
0.00198206986754189,0.000555898117674758,0.00041928020483573
0.00191647460563974,0.000553724453027716,0.000372224770373242
0.00185152699069364,0.000551598545877316,0.000325823626018988
0.00178723321152951,0.000549519370042093,0.000280076257130487
0.0017235988577149,0.000547485873187341,0.000234981764650747
0.00166062894684424,0.000545496979698657,0.00019053888638869
0.00159832795061319,0.000543551593393294,0.000146746017297115
0.00153669981974327,0.000541648600077706,0.000103601228799033
0.00147574800781365,0.000539786869959586,6.11022872098358e-05
0.00141547549405458,0.000537965259922086,1.92466713002841e-05
0.00135588480515272,0.00053618261566721,-2.19684109574443e-05
0.00129697803611647,0.000534437773735436,-6.25460064206721e-05
0.00123875687024652,0.000532729563407777,-0.000102489401546503
0.00118122259825362,0.00053105680849662,-0.000141802107865784
0.00112437613656454,0.000529418329030458,-0.000180487848127419
0.00106821804485342,0.000527812942838932,-0.000218550543080858
0.00101274854283486,0.000526239467042172,-0.000255994298867097
0.000957967526352343,0.000524696719450132,-0.000292823394989418
0.000903874582794548,0.000523183519876019,-0.000329042272837012
0.00085046900586929,0.00052169869136841,-0.000364655524736146
0.000797749809764516,0.000520241061365964,-0.000399667883504266
0.000745715742723453,0.000518809462778829,-0.000434084212484417
0.000694365300059471,0.000517402735000218,-0.000467909496038058
0.000643696736635793,0.000516019724851841,-0.000501148830475407
0.000593708078833095,0.000514659287466499,-0.000533807415403953
0.000544397136027012,0.000513320287110638,-0.00056589054547634
0.000495761511596994,0.000512001597950638,-0.000597403602519548
0.000447798613486238,0.000510702104764688,-0.00062835204802904
0.000400505664331888,0.00050942070360379,-0.000658741416011481
0.000353879711183534,0.000508156302404042,-0.00068857730616043
0.000307917634827412,0.000506907821552642,-0.000717865377351144
0.000262616158732633,0.000505674194410046,-0.000746611341439961
0.000217971857635272,0.000504454367790591,-0.000774820957355329
0.000173981165774887,0.000503247302403294,-0.00080250002546785
0.000130640384798228,0.000502051973255325,-0.000829654382227268
8.79456913434137e-05,0.000500867370019665,-0.000856289895054846
4.58931443173618e-05,0.00049969249736898,-0.000882412457480411
4.47869187947628e-06,0.000498526375277281,-0.000908027984513392
-3.63018218572517e-05,0.000497368039291229,-0.000933142408237885
-7.64526503960498e-05,0.000496216540772322,-0.000957761673622372
-0.000115978138686325,0.000495070947111905,-0.000981891734534887
-0.000154882717203539,0.000493930341919891,-0.00100553854995483
-0.000193170896269044,0.000492793825189099,-0.00102870808037327
-0.000230847260600614,0.00049166051343596,-0.00105140628437381
-0.000267916464084141,0.000490529539819337,-0.00107363911538607
-0.000304383224758604,0.000489400054238183,-0.00109541251860497
-0.000340252320005305,0.000488271223409489,-0.00111673242806855
-0.00037552858193388,0.000487142230927426,-0.0011376047638877
-0.000410216892957244,0.000486012277304693,-0.00115803542962144
-0.00044432218154845,0.000484880579997149,-0.00117803030979185
-0.000477849418171972,0.00048374637341249,-0.00119759526753236
-0.000510803611383549,0.000482608908904058,-0.00121673614236414
-0.000543189804091105,0.000481467454750468,-0.00123545874809514
-0.000575013069971614,0.000480321296121912,-0.00125376887083658
-0.000606278510037269,0.000479169735033881,-0.00127167226713212
-0.000636991249345666,0.000478012090289129,-0.00128917466219454
-0.000667156433848322,0.000476847697408434,-0.0013062817482461
-0.000696779227372545,0.000475675908550955,-0.00132299918295757
-0.00072586480873136,0.000474496092424701,-0.00133933258798225
-0.000754418368957074,0.000473307634187861,-0.00135528754758048
-0.000782445108653123,0.000472109935341444,-0.0013708696073315
-0.00080995023546077,0.000470902413613773,-0.0013860842729282
-0.00083693896163528,0.000469684502837646,-0.0014009370090519
-0.000863416501728462,0.000468455652820059,-0.00141543323832329
-0.000889388070372712,0.00046721532920576,-0.00142957834032654
-0.00091485888016358,0.000465963013334427,-0.00144337765070345
-0.000939834139636594,0.000464698202092144,-0.00145683646031451
-0.000964319051335035,0.000463420407757834,-0.00146996001446407
-0.000988318809965455,0.00046212915784453,-0.00148275351218694
-0.00101183860063731,0.000460823994936414,-0.00149522210559358
-0.00103488359718394,0.00045950447652149,-0.00150737089927152
-0.00105745896056164,0.000458170174820634,-0.00151920494974046
-0.00107956983732397,0.000456820676613132,-0.0015307292649587
