-0.000170444276383522,9.83191314757049e-06,-0.000154147584335745
-0.000235874574934111,1.30965733819796e-05,-0.00021358282669869
-0.000282674476115107,1.50694530458063e-05,-0.000256280459790473
-0.000319368043716808,1.63015243445194e-05,-0.000289919319030959
-0.00034934709555081,1.70203350121631e-05,-0.000317550676728791
-0.000374397654320515,1.73498973857939e-05,-0.000340779105470418
-0.000395608901814562,1.73683287587542e-05,-0.000360581865806375
-0.000413709253038331,1.71294940411868e-05,-0.000377611696234914
-0.000429217908319764,1.66729102179476e-05,-0.000392333282489746
-0.000442522649235387,1.60289037437835e-05,-0.000405093274013772
-0.000453923635368919,1.52215548414922e-05,-0.000416159680496825
-0.000463659835812425,1.42704989271349e-05,-0.000425745635465833
-0.000471925873137682,1.31920901945025e-05,-0.000434024532238534
-0.000478883239031855,1.20001867624165e-05,-0.00044114009706418
-0.000484668037381302,1.07066998827304e-05,-0.000447213339864487
-0.00048939649479699,9.32198988839973e-06,-0.00045234749832635
-0.000493168985101407,7.85515908588213e-06,-0.000456631646851042
-0.000496073034885091,6.31427327225801e-06,-0.000460143390395309
-0.000498185612242071,4.7065325387756e-06,-0.000462950914781716
-0.000499574899769593,3.03840522734519e-06,-0.000465114574183945
-0.000500301689086616,1.31573458256128e-06,-0.000466688139091889
-0.000500420492664151,-4.56175186834356e-07,-0.000467719790786684
-0.000499980441161694,-2.27248861901146e-06,-0.000468252923550504
-0.000499026015686821,-4.12878096353922e-06,-0.000468326798963844
-0.000497597651366643,-6.02098978755056e-06,-0.000467977084939647
-0.000495732239418349,-7.94537425708385e-06,-0.00046723630388004
-0.000493463548301992,-9.89848059327171e-06,-0.000466134208412235
-0.000490822579728822,-1.187711254484e-05,-0.000464698098842774
-0.000487837871747609,-1.38783059724408e-05,-0.00046295309328298
-0.000484535758477696,-1.58993068313159e-05,-0.000460922359017742
-0.000480940594051346,-1.79375519842561e-05,-0.000458627311890527
-0.00047707494679521,-1.99906523885836e-05,-0.000456087789103063
-0.000472959768498212,-2.20563782876914e-05,-0.000453322199768189
-0.000468614542692381,-2.41326461056412e-05,-0.000450347656729192
-0.000464057415150167,-2.6217506797161e-05,-0.000447180092511054
-0.000459305309229372,-2.830913544809e-05,-0.000443834361756528
-0.000454374028240431,-3.04058219557345e-05,-0.000440324332091032
-0.000449278346644173,-3.25059626463245e-05,-0.000436662965032294
-0.000444032091591746,-3.46080527093784e-05,-0.000432862388295337
-0.000438648216077425,-3.67106793471836e-05,-0.000428933960627648
-0.000433138864777501,-3.88125155529206e-05,-0.000424888330132854
-0.000427515433486228,-4.09123144434472e-05,-0.00042073548689604
-0.000421788622925416,-4.30089040833333e-05,-0.000416484810603633
-0.000415968487592515,-4.51011827454037e-05,-0.000412145113751076
-0.000410064480218794,-4.71881145605333e-05,-0.000407724680947934
-0.000404085492330867,-4.92687255154998e-05,-0.000403231304760295
-0.000398039891342775,-5.13420997631497e-05,-0.000398672318471196
-0.000391935554550024,-5.34073762134472e-05,-0.000394054626090041
-0.000385779900349466,-5.54637453779462e-05,-0.000389384729899473
-0.000379579916968405,-5.75104464433991e-05,-0.000384668755792148
-0.000373342188951681,-5.9546764553167e-05,-0.000379912476618783
-0.000367072921625675,-6.15720282774143e-05,-0.000375121333742389
-0.00036077796373254,-6.35856072552847e-05,-0.000370300456970704
-0.000354462828405727,-6.55869099940617e-05,-0.000365454683018952
-0.000348132712638741,-6.75753818119002e-05,-0.000360588572638054
-0.000341792515382141,-6.95505029121759e-05,-0.000355706426528345
-0.000335446854389399,-7.15117865786665e-05,-0.000350812300145962
-0.000329100081919321,-7.34587774819079e-05,-0.000345910017497607
-0.00032275629939157,-7.53910500880179e-05,-0.000341003184009467
-0.000316419371082002,-7.73082071620886e-05,-0.000336095198547254
-0.000310092936935878,-7.9209878359033e-05,-0.000331189264656661
-0.000303780424569206,-8.10957188954209e-05,-0.000326288401086662
-0.000297485060521887,-8.29654082964526e-05,-0.000321395451652024
-0.000291209880820122,-8.48186492126718e-05,-0.00031651309448614
-0.000284957740900294,-8.66551663015992e-05,-0.000311643850730372
-0.000278731324941743,-8.84747051697992e-05,-0.000306790092701989
-0.000272533154651525,-9.0277031371323e-05,-0.000301954051578898
-0.000266365597540536,-9.20619294587596e-05,-0.000297137824636043
-0.000260230874726859,-9.38292020835163e-05,-0.000292343382065242
-0.000254131068299177,-9.55786691421583e-05,-0.000287572573407556
-0.000248068128270365,-9.73101669658454e-05,-0.000282827133624803
-0.000242043879148756,-9.90235475503102e-05,-0.000278108688834646
-0.000236060026152492,-0.000100718677823791,-0.000273418761731619
-0.000230118161090201,-0.0001023954389507,-0.000268758776714759
-0.000224219767929499,-0.000104053725668901,-0.000264130064740768
-0.00021836622807308,-0.000105693445658621,-0.000259533867920251
-0.000212558825360664,-0.0001073145189412,-0.000254971343873115
-0.000206798750813709,-0.000108916877305964,-0.000250443569858115
-0.000201087107138527,-0.000110500463763664,-0.000245951546690326
-0.000195424913002263,-0.000112065232025034,-0.000241496202459337
-0.000189813107095204,-0.000113611146003065,-0.000237078396060035
-0.000184252551991902,-0.000115138179337736,-0.000232698920547016
-0.000178744037822697,-0.000116646314942048,-0.000228358506322826
-0.000173288285766477,-0.000118135544568191,-0.00022405782416961
-0.000167885951374686,-0.000119605868392834,-0.000219797488132981
-0.000162537627736025,-0.000121057294620576,-0.000215578058266452
-0.000157243848490551,-0.000122489839104602,-0.000211400043244084
-0.000152005090701399,-0.00012390352498373,-0.000207263902848618
-0.000146821777591776,-0.000125298382335001,-0.000203170050341794
-0.000141694281154338,-0.000126674447841098,-0.000199118854723174
-0.000136622924639756,-0.000128031764471835,-0.000195110642883402
-0.000131607984930668,-0.00012937038117907,-0.000191145701657386
-0.000126649694806966,-0.000130690352604417,-0.00018722427978265
-0.00012174824510799,-0.000131991738799134,-0.000183346589767696
-0.000116903786796756,-0.000133274604955635,-0.000179512809674969
-0.000112116432931202,-0.000134539021150098,-0.000175723084822728
-0.000107386260547018,-0.000135785062095665,-0.00017197752940989
-0.000102713312456396,-0.000137012806905748,-0.00016827622806762
-9.80975989668375e-05,-0.000138222338867008,-0.000164619237341327
-9.3539099523828e-05,-0.000139413745221545,-0.000161006587106395
-8.90377642810527e-05,-0.000140587116957951,-0.00015743828192087
-8.45935156015852e-05,-0.000141742548610783,-0.000153914302318128
-8.0206249493295e-05,-0.000142880138068147,-0.000150434606042366
-7.5875836981557e-05,-0.000143999986386979,-0.000146999129229609
-7.16021254221515e-05,-0.000145102197615792,-0.000143607787536786
-6.73849397571423e-05,-0.000146186878624461,-0.000140260477221284
-6.32240837162934e-05,-0.000147254138940858,-0.000136957076173274
-5.91193409665364e-05,-0.000148304090593984,-0.000133697444902946
-5.5070476211798e-05,-0.000149336847963348,-0.00013048142748473
-5.10772362454324e-05,-0.000150352527634364,-0.000127308852460438
-4.71393509573597e-05,-0.000151351248259466,-0.000124179533703159
-4.32565342978996e-05,-0.00015233313042478,-0.000121093271243685
-3.94284852002165e-05,-0.000153298296522061,-0.0001180498520611
-3.5654888463198e-05,-0.000154246870625744,-0.000115049050839133
-3.19354155964395e-05,-0.000155178978374852,-0.000112090630689771
-2.82697256290176e-05,-0.00015609474685963,-0.000109174343845553
-2.46574658835902e-05,-0.000156994304512651,-0.000106299932321919
-2.10982727172961e-05,-0.000157877781004283,-0.000103467128550887
-1.75917722308711e-05,-0.000158745307142307,-0.000100675655987306
-1.41375809473388e-05,-0.000159597014775544,-9.79252296888535e-05
-1.07353064615438e-05,-0.000160433036701321,-9.5215556870883e-05
-7.38454806174503e-06,-0.00016125350657666,-9.25463374372063e-05
-4.08489732444984e-06,-0.000162058558833002,-8.99172644878152e-05
-8.35938683594532e-07,-0.000162848328594387,-8.73280248045048e-05
2.36275002487757e-06,-0.000163622951598902,-8.4778299315338e-05
5.51159704199617e-06,-0.000164382564123324,-8.22677635388266e-05
8.6110361873694e-06,-0.000165127302910809,-7.97960880086683e-05
1.16615063824676e-05,-0.00016585730510152,-7.7362938679847e-05
1.46634511946998e-05,-0.000166572708166086,-7.49679773168746e-05
1.76173184014528e-05,-0.000167273649841792,-7.26108618648883e-05
2.05235595732601e-05,-0.000167960268071391,-7.02912468043295e-05
2.33826296753556e-05,-0.000168632700944442,-6.80087834898603e-05
2.61949866868378e-05,-0.000169291086641091,-6.57631204741646e-05
2.89610912367709e-05,-0.000169935563378189,-6.35539038172555e-05
3.16814062565175e-05,-0.000170566269357682,-6.13807773818663e-05
3.43563966476595e-05,-0.00017118334271717,-5.92433831154988e-05
3.69865289648917e-05,-0.000171786921482572,-5.71413613196568e-05
3.95722711132943e-05,-0.000172377143522805,-5.50743509067937e-05
4.21140920593816e-05,-0.000172954146506434,-5.30419896454679e-05
4.46124615554309e-05,-0.000173518067860169,-5.10439143941661e-05
4.70678498765149e-05,-0.000174069044729208,-4.90797613242676e-05
4.94807275697728e-05,-0.0001746072139393,-4.71491661325691e-05
5.18515652154022e-05,-0.000175132711960509,-4.52517642438094e-05
5.41808331989466e-05,-0.000175645674872592,-4.33871910035636e-05
5.64690014943958e-05,-0.000176146238331948,-4.15550818619219e-05
5.87165394576987e-05,-0.000176634537540069,-3.97550725482999e-05
6.09239156302631e-05,-0.000177110707213457,-3.79867992377488e-05
6.30915975520595e-05,-0.00017757488155493,-3.62498987090895e-05
6.52200515839447e-05,-0.0001780271942263,-3.45440084952178e-05
6.73097427388444e-05,-0.000178467778322331,-3.28687670258687e-05
6.936113452144e-05,-0.000178896766345982,-3.12238137631573e-05
7.13746887760378e-05,-0.000179314290184839,-2.96087893301843e-05
7.33508655422909e-05,-0.000179720481088736,-2.80233356329701e-05
7.52901229184507e-05,-0.00018011546964849,-2.64670959759963e-05
7.71929169318875e-05,-0.000180499385775738,-2.49397151716088e-05
7.90597014165513e-05,-0.000180872358683807,-2.34408396435166e-05
8.08909278971261e-05,-0.000181234516869607,-2.19701175246359e-05
8.26870454796097e-05,-0.000181585988096498,-2.05271987495061e-05
8.44485007480535e-05,-0.000181926899378093,-1.9111735141477e-05
8.61757376672298e-05,-0.000182257376962974,-1.77233804949047e-05
