0.00108931882476181,-0.000356210031422747,0.000808170166486575
0.00149563554311901,-0.000506183169849946,0.00111613372787975
0.00177793706483927,-0.000622726243411893,0.00133474101015223
0.00199212262411398,-0.000722059582931542,0.00150465387632529
0.00216064124978788,-0.000810405352368943,0.00164208355200628
0.00229541846832411,-0.000890922183562071,0.0017555821396333
0.00240378900631343,-0.000965466465921218,0.00185037455325318
0.00249069840654425,-0.00103523447566048,0.00192996148079955
0.00255969941177668,-0.00110104792172244,0.00199684278018739
0.00261346525879525,-0.00116349846724291,0.00205288908292976
0.00265407967551652,-0.00122302792826949,0.00209955113738967
0.00268321251935324,-0.0012799759670491,0.00213798622963595
0.00270223210698907,-0.00133461003052218,0.00216913879693897
0.00271228027914986,-0.00138714497868863,0.00219379413593243
0.00271432441197598,-0.00143775642170675,0.00221261550232169
0.00270919456714187,-0.00148659005737089,0.00222617052748725
0.00269761072334632,-0.00153376837658412,0.00223495052080445
0.00268020318852351,-0.00157939558501922,0.00223938489169127
0.00265752820165156,-0.00162356128465874,0.00223985213686169
0.00263008006416367,-0.00166634327383044,0.00223668835528992
0.00259830071758184,-0.00170780970828043,0.00223019394811736
0.00256258740848694,-0.00174802079099145,0.00222063896237528
0.0025232988982171,-0.00178703010901323,0.00220826740531048
0.0024807605494629,-0.001824885702191,0.00219330076620626
0.00243526853488641,-0.00186163092569326,0.00217594092019589
0.00238709335130645,-0.00189730515213252,0.00215637254448593
0.00233648277871105,-0.00193194434760382,0.00213476514575773
0.00228366439104951,-0.00196558154767673,0.00211127477445898
0.00222884770186249,-0.00199824725330806,0.00208604548467018
0.00217222600991742,-0.0020299697621431,0.00205921058550317
0.00211397799646835,-0.00206077544729969,0.00203089372036166
0.00205426911538843,-0.00209068899317326,0.00200120980303958
0.0019932528094079,-0.00211973359584613,0.00197026583395484
0.00193107157943798,-0.00214793113417397,0.00193816161539596
0.00186785792904242,-0.00217530231644777,0.00190499038118484
0.00180373520221753,-0.00220186680660721,0.00187083935341113
0.00173881832952499,-0.00222764333325249,0.00183579023669844
0.00167321449511429,-0.00225264978412135,0.001799919658702
0.00160702373514029,-0.00227690328823342,0.00176329956411172
0.00154033947642635,-0.00230042028752926,0.00172599756827569
0.00147324902286577,-0.00232321659952784,0.0016880772756097
0.00140583399593575,-0.00234530747227873,0.00164959856717779
0.00133817073477072,-0.00236670763268193,0.00161061786118218
0.00127033066046869,-0.00238743132908219,0.00157118834956342
0.00120238060865833,-0.00240749236890559,0.00153136021346273
0.00113438313381075,-0.00242690415199205,0.00149118081992154
0.00106639678831993,-0.00244567970018144,0.00145069490187508
0.00099847637898791,-0.00246383168363085,0.00140994472322823
0.000930673203217686,-0.00248137244427308,0.00136897023057339
0.000863035266935093,-0.00249831401676973,0.00132780919291432
0.000795607486016787,-0.00251466814726389,0.0012864973305944
0.000728431872793032,-0.00253044631019671,0.00124506843448242
0.000661547709013409,-0.00254565972341719,0.00120355447634728
0.000594991706506749,-0.00256031936178477,0.00116198571124472
0.000528798156631322,-0.0025744359694387,0.00112039077264753
0.000462999069492211,-0.00258802007088646,0.00107879676096921
0.000397624303799832,-0.00260108198104419,0.00103722932606081
0.000332701688152581,-0.00261363181434636,0.000995712744200575
0.000268257134446908,-0.00262567949302706,0.000954269990039288
0.000204314744047894,-0.00263723475466355,0.000912922803919788
0.000140896907291491,-0.00264830715906192,0.000871691754945105
7.80243968345977e-05,-0.00265890609455537,0.000830596300134055
1.57164553203995e-05,-0.00266904078377724,0.000789654839969501
-4.6009122216699e-05,-0.0026787202889643,0.000748884770616438
-0.000107135910821028,-0.00268795351683933,0.000708302533060055
-0.000167648782609301,-0.00269674922311644,0.000667923659392438
-0.000227533837967785,-0.00270511601666782,0.000627762816454409
-0.000286778340660067,-0.00271306236338662,0.000587833847021848
-0.000345370656577589,-0.00272059658977659,0.000548149808709274
-0.000403300195887911,-0.00272772688629579,0.000508723010747495
-0.000460557358354477,-0.00273446131047925,0.000469565048780564
-0.000517133481621635,-0.00274080778986207,0.000430686837814263
-0.000573020792273267,-0.00274677412472285,0.000392098643437366
-0.000628212359489982,-0.00275236799066487,0.000353810111427751
-0.00068270205114206,-0.00275759694105089,0.000315830295846663
-0.000736484492168161,-0.00276246840930542,0.000278167685715395
-0.000789555025101332,-0.0027669897110975,0.000240830230362635
-0.000841909672613064,-0.00277116804641493,0.000203825363523322
-0.000893545101956702,-0.00277501050154062,0.000167160026263908
-0.000944458591198834,-0.00277852405093969,0.000130840688803811
-0.000994647997135977,-0.00278171555906621,9.48733712969777e-05
-0.00104411172480061,-0.00278459178209633,5.92636636341787e-05
-0.00109284869846696,-0.00278715936959511,2.40167443211407e-05
-0.00114085833407338,-0.00278942486612255,-1.08626015155538e-05
-0.00118814051298373,-0.00279139471278451,-4.53699649465113e-05
-0.00123469555701457,-0.00279307524873342,-7.95012968363535e-05
-0.00128052420466061,-0.00279447271262288,-0.000113252892177588
-0.00132562758845451,-0.00279559324402041,-0.000146621375122191
-0.00137000721340152,-0.0027964428847818,-0.00017960368467401
-0.00141366493643286,-0.00279702758039015,-0.000212197061007847
-0.00145660294682549,-0.00279735318126267,-0.000244399032382974
-0.00149882374753902,-0.00279742544402773,-0.000276207402620814
-0.00154033013742304,-0.00279725003277442,-0.000307620239118466
-0.00158112519425177,-0.00279683252027703,-0.00033863586137167
-0.0016212122585445,-0.00279617838919586,-0.000369252829981885
-0.00166059491813347,-0.00279529303325652,-0.000399469936124165
-0.00169927699344251,-0.00279418175840911,-0.000429286191453681
-0.00173726252344221,-0.00279284978396836,-0.000458700818429925
-0.00177455575224896,-0.00279130224373638,-0.000487713241038837
-0.0018111611163373,-0.00278954418710902,-0.000516323075894743
-0.00184708323233656,-0.00278758058016666,-0.000544530123703922
-0.00188232688538425,-0.00278541630675032,-0.000572334361073863
-0.00191689701801046,-0.00278305616952433,-0.000599735932651954
-0.00195079871952847,-0.00278050489102558,-0.000626735143579561
-0.00198403721590834,-0.00277776711470056,-0.00065333245224665
-0.00201661786011158,-0.00277484740593046,-0.00067952846333429
-0.00204854612286564,-0.00277175025304494,-0.000705323921132196
-0.00207982758385858,-0.00276848006832504,-0.000730719703119451
-0.00211046792333514,-0.00276504118899543,-0.000755716813797011
-0.00214047291407592,-0.00276143787820671,-0.000780316378761405
-0.00216984841374309,-0.00275767432600781,-0.000804519639009363
-0.00219860035757614,-0.00275375465030873,-0.000828327945463336
-0.00222673475142236,-0.0027496828978341,-0.000851742753709523
-0.00225425766508748,-0.00274546304506761,-0.000874765618938675
-0.00228117522599242,-0.00274109899918756,-0.000897398191081907
-0.00230749361312293,-0.00273659459899353,-0.000919642210133479
-0.00233321905125938,-0.00273195361582471,-0.00094149950165292
-0.00235835780547488,-0.00272717975446951,-0.000962971972439181
-0.00238291617588986,-0.00272227665406701,-0.000984061606370092
-0.00240690049267247,-0.00271724788900001,-0.00100477046040058
-0.0024303171112743,-0.00271209696978001,-0.00102510066071317
-0.0024531724078912,-0.00270682734392397,-0.00104505439901505
-0.00247547277513991,-0.00270144239682321,-0.00106463392897577
-0.00249722461794141,-0.00269594545260405,-0.00108384156280023
-0.002518434349602,-0.00269033977498074,-0.00110267966793181
-0.00253910838808425,-0.00268462856810035,-0.00112115066388042
-0.00255925315245952,-0.00267881497737985,-0.00113925701917099
-0.00257887505953449,-0.00267290209033526,-0.00115700124840751
-0.00259798052064472,-0.00266689293740306,-0.0011743859094487
-0.00261657593860796,-0.00266079049275366,-0.00119141360069046
-0.00263466770483073,-0.00265459767509727,-0.00120808695845195
-0.00265226219656181,-0.00264831734848181,-0.00122440865446052
-0.00266936577428647,-0.00264195232308314,-0.00124038139343257
-0.00268598477925573,-0.00263550535598749,-0.00125600791074653
-0.00270212553114493,-0.00262897915196624,-0.00127129097020443
-0.00271779432583624,-0.00262237636424281,-0.00128623336187885
-0.00273299743332033,-0.00261569959525202,-0.0013008379000426
-0.00274774109571167,-0.00260895139739149,-0.00131510742117728
-0.00276203152537338,-0.00260213427376555,-0.00132904478205877
-0.00277587490314665,-0.0025952506789214,-0.00134265285791609
-0.00278927737668071,-0.0025883030195774,-0.00135593454066159
-0.00280224505885891,-0.00258129365534405,-0.00136889273718949
-0.00281478402631729,-0.00257422489943682,-0.00138153036774062
-0.00282690031805138,-0.00256709901938186,-0.00139385036433083
-0.00283859993410803,-0.00255991823771364,-0.00140585566924086
-0.00284988883435825,-0.00255268473266518,-0.0014175492335655
-0.0028607729373482,-0.00254540063885061,-0.00142893401581989
-0.00287125811922466,-0.00253806804794025,-0.00144001298060112
-0.00288135021273207,-0.00253068900932789,-0.00145078909730286
-0.00289105500627817,-0.0025232655307908,-0.00146126533888153
-0.00290037824306528,-0.00251579957914197,-0.00147144468067194
-0.00290932562028444,-0.00250829308087507,-0.00148133009925075
-0.00291790278836998,-0.00250074792280173,-0.00149092457134613
-0.00292611535031158,-0.00249316595268149,-0.0015002310727919
-0.00293396886102182,-0.00248554897984435,-0.00150925257752482
-0.00294146882675657,-0.00247789877580578,-0.00151799205662316
-0.00294862070458604,-0.00247021707487453,-0.00152645247738557
-0.00295542990191435,-0.00246250557475308,-0.0015346368024484
-0.00296190177604556,-0.00245476593713064,-0.00154254798894057
-0.00296804163379403,-0.00244699978826915,-0.00155018898767437
