-0.00015323200246565,3.87097983119869e-05,-0.00011175032439578
-0.000211966625920438,5.31257178549506e-05,-0.000154503153326453
-0.000253913611059593,6.31243769747615e-05,-0.000184978773061932
-0.00028674603907835,7.06946332348803e-05,-0.000208782832304428
-0.000313518421050597,7.66355086829281e-05,-0.000228148249062025
-0.000335839820200777,8.13716145542977e-05,-0.000244252005058751
-0.000354691892212538,8.51641949132883e-05,-0.000257812581268309
-0.000370731398438003,8.8189456983466e-05,-0.000269310946027838
-0.000384426646701901,9.05740262267318e-05,-0.000279090250309441
-0.000396127541575342,9.24132137686788e-05,-0.000287407024773405
-0.000406105026816525,9.37813383160916e-05,-0.000294460013682731
-0.000414574892709584,9.47379784344296e-05,-0.000300407583174028
-0.000421712950035152,9.53319716506774e-05,-0.000305378819378988
-0.000427665135224375,9.56040871487935e-05,-0.000309480921059608
-0.000432554487795802,9.55888778258992e-05,-0.000312804305353023
-0.000436486116696399,9.53160032794629e-05,-0.000315426242796385
-0.000439550827858769,9.48111996551681e-05,-0.000317413513116213
-0.000441827833691315,9.40970066837333e-05,-0.00031882438938667
-0.000443386816632512,9.31933234226387e-05,-0.000319710149552898
-0.000444289527918484,9.21178404105172e-05,-0.000320116247804555
-0.000444591045222183,9.08863808705602e-05,-0.000320083236251339
-0.000444340775476249,8.95131737915315e-05,-0.000319647500044196
-0.000443583264329957,8.8011075174034e-05,-0.00031884185090438
-0.000442358856774463,8.639174927134e-05,-0.000317696011650022
-0.000440704241732436,8.46658185547536e-05,-0.000316237015723605
-0.000438652905117254,8.28429889406616e-05,-0.000314489539658315
-0.00043623550991612,8.09321552394514e-05,-0.000312476182067167
-0.000433480217516712,7.89414906359854e-05,-0.000310217699566888
-0.000430412961296997,7.68785231602628e-05,-0.000307733207706541
-0.000427057681105861,7.47502014697891e-05,-0.000305040353220247
-0.000423436525454044,7.25629517825069e-05,-0.000302155462599511
-0.000419570026852975,7.03227274298319e-05,-0.000299093670969196
-0.000415477254673276,6.80350522137867e-05,-0.000295869034470586
-0.000411175949064379,6.57050585294602e-05,-0.000292494628747029
-0.000406682638824894,6.33375210388549e-05,-0.000288982635650241
-0.000402012745597237,6.09368865431937e-05,-0.000285344419907327
-0.000397180676348449,5.85073005897019e-05,-0.000281590597186983
-0.000392199905768478,5.60526312595917e-05,-0.000277731094761218
-0.000387083049949953,5.35764905115342e-05,-0.000273775205762975
-0.000381841932495957,5.10822533960314e-05,-0.000269731637880694
-0.000376487644024367,4.85730754076085e-05,-0.000265608557200413
-0.000371030595890786,4.60519082020033e-05,-0.000261413627798625
-0.000365480568830979,4.35215138723937e-05,-0.000257154047600238
-0.000359846757122894,4.09844779512211e-05,-0.000252836580942155
-0.000354137808784187,3.84432212811145e-05,-0.000248467588221174
-0.000348361862250505,3.59000108790258e-05,-0.000244053052953161
-0.000342526579920179,3.33569699013786e-05,-0.000239598606526699
-0.000336639178900638,3.0816086804086e-05,-0.000235109550897456
-0.000330706459248911,2.82792237795455e-05,-0.000230590879438112
-0.000324734829962124,2.5748124542588e-05,-0.000226047296131753
-0.000318730332942561,2.3224421528712e-05,-0.00022148323327387
-0.000312698665135011,2.0709642560488e-05,-0.000216902867828165
-0.00030664519901092,1.82052170315884e-05,-0.000212310136564538
-0.000300575001553897,1.57124816522914e-05,-0.000207708750092799
-0.000294492851883674,1.32326857955151e-05,-0.00020310220589297
-0.000288403257640602,1.07669964781826e-05,-0.000198493800431918
-0.000282310470239472,8.31650300905224e-06,-0.000193886640446361
-0.000276218499090023,5.88222133088648e-06,-0.000189283653463851
-0.000270131124871322,3.46509808201692e-06,-0.000184687597625912
-0.000264051911938332,1.06601439986062e-06,-0.000180101070870925
-0.000257984219931145,-1.31421051326544e-06,-0.000175526519528656
-0.000251931214650432,-3.67481604369286e-06,-0.000170966246373211
-0.00024589587825652,-6.01509702258067e-06,-0.000166422418176681
-0.000239881018844086,-8.33440076972343e-06,-0.000161897072801746
-0.000233889279439607,-1.06321243111603e-05,-0.000157392125867992
-0.000227923146464391,-1.29077117581396e-05,-0.000152909377023427
-0.000221984957702145,-1.51606518360197e-05,-0.000148450515849983
-0.00021607690980664,-1.73904755526766e-05,-0.00014401712742911
-0.000210201065381884,-1.95967539968747e-05,-0.000139610697591424
-0.000204359359664488,-2.17790962578963e-05,-0.000135232617872247
-0.000198553606835378,-2.39371474583577e-05,-0.000130884190193073
-0.000192785505985767,-2.60705868928647e-05,-0.000126566631287345
-0.000187056646760318,-2.81791262657073e-05,-0.000122281076887406
-0.00018136851469848,-3.0262508021336e-05,-0.00011802858568816
-0.000175722496293455,-3.23205037618423e-05,-0.000113810143101748
-0.000170119883786619,-3.43529127460949e-05,-0.000109626664816437
-0.000164561879713955,-3.63595604655952e-05,-0.000105479000171896
-0.000159049601219748,-3.83402972924672e-05,-0.000101367935362119
-0.000153584084151627,-4.02949971953398e-05,-9.7294196476463e-05
-0.000148166286950139,-4.22235565191662e-05,-9.32584523884249e-05
-0.000142797094344912,-4.41258928253228e-05,-8.9261317501148e-05
-0.00013747732086873,-4.60019437885667e-05,-8.53033543579833e-05
-0.000132207714200031,-4.78516661476511e-05,-8.13850761258801e-05
-0.000126988958343525,-4.96750347066925e-05,-7.75069489587723e-05
-0.000121821676658099,-5.1472041384427e-05,-7.36693942477271e-05
-0.000116706434740453,-5.32426943088485e-05,-6.98727907640926e-05
-0.000111643743172363,-5.49870169547735e-05,-6.61174767015179e-05
-0.000106634060139034,-5.67050473220524e-05,-6.24037516223037e-05
-0.000101677793925391,-5.83968371523167e-05,-5.87318783131999e-05
-9.6775305296828e-05,-6.00624511823026e-05,-5.51020845554504e-05
-9.19269097704607e-05,-6.17019664317907e-05,-5.15145648135482e-05
-8.71328797825743e-05,-6.33154715245167e-05,-4.79694818469354e-05
-8.2393446757612e-05,-6.49030660403114e-05,-4.44669682485783e-05
-7.77088030836823e-05,-6.6464859896965e-05,-4.10071279141401e-05
-7.30791039993458e-05,-6.80009727603362e-05,-3.75900374452115e-05
-6.850446939607e-05,-6.95115334813129e-05,-3.42157474899243e-05
-6.39849855405218e-05,-7.09966795583777e-05,-3.08842840239745e-05
-5.95207067206568e-05,-7.2456556624466e-05,-2.75956495750202e-05
-5.51116568192671e-05,-7.38913179570422e-05,-2.43498243931643e-05
-5.07578308185085e-05,-7.53011240102435e-05,-2.11467675701045e-05
-4.6459196238667e-05,-7.66861419680845e-05,-1.79864181094073e-05
-4.2215694514312e-05,-7.80465453177426e-05,-1.48686959502059e-05
-3.80272423107573e-05,-7.93825134419581e-05,-1.17935029464955e-05
-3.3893732783591e-05,-8.06942312297512e-05,-8.76072380408353e-06
-2.98150367839436e-05,-8.19818887045422e-05,-5.77022697716964e-06
-2.57910040119449e-05,-8.32456806689278e-05,-2.82186552635503e-06
-2.18214641207542e-05,-8.44858063653765e-05,8.45220601162957e-08
-1.79062277733801e-05,-8.57024691520864e-05,2.94911108027847e-06
-1.40450876544168e-05,-8.6895876193387e-05,5.77208986590541e-06
-1.02378194386926e-05,-8.80662381640106e-05,8.55365906208202e-06
-6.4841827187754e-06,-8.92137689666212e-05,1.12940309373953e-05
-2.78392189308541e-06,-9.03386854620412e-05,1.39934287234683e-05
8.63232983598026e-07,-9.14412072116255e-05,1.66520859825234e-05
4.45756538566499e-06,-9.25215562312289e-05,1.92702460017672e-05
7.99937153661659e-06,-9.35799567563143e-05,2.18481612134442e-05
1.14889596620071e-05,-9.46166350176694e-05,2.43860926394587e-05
1.49266492739227e-05,-9.56318190273414e-05,2.68843093595212e-05
1.83127704856925e-05,-9.66257383743088e-05,2.93430880018176e-05
2.16476633555356e-05,-9.75986240294895e-05,3.17627122552586e-05
2.49316772579444e-05,-9.85507081597137e-05,3.41434724024017e-05
2.81651702816125e-05,-9.94822239502601e-05,3.64856648721764e-05
3.13485086528401e-05,-0.000100393405435613,3.87895918116024e-05
3.44820661833445e-05,-0.000101284487338086,4.10555606757115e-05
3.75662237414428e-05,-0.000102155704913995,4.32838838349111e-05
4.06013687456941e-05,-0.000103007293807074,4.54748781991003e-05
4.358789468005e-05,-0.000103839489908813,4.76288648578233e-05
4.65262006296365e-05,-0.000104652529225442,4.97461687358324e-05
4.94166908363484e-05,-0.000105446647751318,5.18271182634308e-05
5.22597742734254e-05,-0.000106222081348401,5.38720450609826e-05
5.50558642382807e-05,-0.000106979065631592,5.5881283637044e-05
5.78053779628108e-05,-0.000107717835859727,5.78551710995535e-05
6.05087362405183e-05,-0.000108438626831936,5.97940468795532e-05
6.31663630697457e-05,-0.000109141672789197,6.16982524669721e-05
6.57786853124145e-05,-0.000109827207320835,6.35681311579495e-05
6.83461323676025e-05,-0.000110495463275819,6.5404027813273e-05
7.08691358594312e-05,-0.000111146672678597,6.72062886274802e-05
7.33481293386539e-05,-0.000111781066649336,6.8975260908194e-05
7.57835479974117e-05,-0.000112398875328359,7.07112928653149e-05
7.81758283966535e-05,-0.000113000327804633,7.24147334096485e-05
8.05254082057195e-05,-0.000113585652048118,7.40859319606253e-05
8.28327259535877e-05,-0.000114155074845837,7.57252382627452e-05
8.50982207913546e-05,-0.000114708821741516,7.73330022104058e-05
8.73223322655127e-05,-0.000115247116978653,7.89095736807892e-05
8.95055001015652e-05,-0.000115770183446844,8.04553023744899e-05
9.16481639976268e-05,-0.000116278242631294,8.19705376635931e-05
9.37507634275777e-05,-0.000116771514565331,8.34556284468979e-05
9.58137374534275e-05,-0.00011725021778582,8.49109230120159e-05
9.78375245465217e-05,-0.000117714569291364,8.63367689040805e-05
9.98225624172418e-05,-0.00011816478450317,8.77335128008051e-05
0.000101769287852881,-0.000118601077228485,8.91015003936508e-05
0.000103678136563357,-0.000119023659626464,9.04410762748488e-05
0.00010554954303449,-0.000119432742176422,9.17525838300843e-05
0.000107383940388537,-0.000119828533648316,9.30363651365836e-05
0.000109181760251665,-0.000120211241075421,9.42927608664174e-05
0.000110943432628182,-0.000120581069729046,9.55221101948205e-05
0.00011266938578116,-0.000120938223095274,9.67247507133181e-05
0.000114360046119277,-0.000121282902853588,9.79010183474816e-05
0.000116015838089613,-0.000121615308857329,9.90512472791346e-05
0.000117637184076145,-0.000121935639115915,0.000100175769872832
0.000119224504303767,-0.000122244089778721,0.00010127491660645
