-0.00121937084218979,0.00301442838623175,-1.44843884630489e-05
-0.0012191493659335,0.00301058557391599,-1.70930660243884e-05
-0.00121896619115601,0.0030067254815424,-1.96736451247957e-05
-0.00121881930914064,0.00300284974509797,-2.22259084906712e-05
-0.00121870677761267,0.00299895994884134,-2.47496597769547e-05
-0.00121862671893336,0.00299505762661557,-2.72447228425278e-05
-0.00121857731833832,0.00299114426313056,-2.9710941045348e-05
-0.00121855682221867,0.00298722129521591,-3.21481765567978e-05
-0.00121856353644451,0.00298329011304482,-3.45563096948185e-05
-0.00121859582472939,0.00297935206132959,-3.69352382753357e-05
-0.00121865210703503,0.00297540844048944,-3.92848769815587e-05
-0.00121873085801526,0.00297146050779131,-4.1605156750706e-05
-0.0012188306054983,0.002967509478464,-4.38960241777228e-05
-0.0012189499290066,0.00296355652678649,-4.61574409355875e-05
-0.0012190874583132,0.00295960278715089,-4.83893832117926e-05
-0.00121924187203394,0.00295564935510054,-5.05918411606025e-05
-0.00121941189625454,0.0029516972883439,-5.27648183707018e-05
-0.00121959630319192,0.00294774760774475,-5.49083313478493e-05
-0.00121979390988873,0.00294380129828908,-5.70224090121723e-05
-0.00122000357694066,0.00293985931002943,-5.91070922097248e-05
-0.00122022420725537,0.00293592255900694,-6.11624332380019e-05
-0.00122045474484264,0.00293199192815179,-6.31884953849709e-05
-0.00122069417363483,0.00292806826816234,-6.51853524813957e-05
-0.00122094151633705,0.00292415239836364,-6.71530884660265e-05
-0.00122119583330622,0.00292024510754552,-6.9091796963397e-05
-0.00122145622145852,0.00291634715478093,-7.10015808738756e-05
-0.00122172181320442,0.00291245927022491,-7.28825519756817e-05
-0.00122199177541068,0.00290858215589452,-7.47348305385607e-05
-0.00122226530838882,0.00290471648643026,-7.65585449488244e-05
-0.00122254164490916,0.00290086290983937,-7.83538313454661e-05
-0.00122282004924019,0.00289702204822144,-8.012083326707e-05
-0.00122309981621233,0.00289319449847658,-8.18597013092662e-05
-0.00122338027030577,0.00288938083299678,-8.35705927924057e-05
-0.00122366076476167,0.00288558160034062,-8.52536714392634e-05
-0.00122394068071624,0.00288179732589179,-8.69091070624588e-05
-0.00122421942635712,0.00287802851250183,-8.85370752613828e-05
-0.00122449643610155,0.00287427564111735,-9.01377571283595e-05
-0.00122477116979588,0.00287053917139211,-9.1711338963827e-05
-0.00122504311193576,0.00286681954228434,-9.32580120002932e-05
-0.00122531177090666,0.00286311717263963,-9.4777972134831e-05
-0.00122557667824421,0.00285943246175958,-9.6271419669936e-05
-0.00122583738791384,0.00285576578995677,-9.77385590624526e-05
-0.00122609347560929,0.00285211751909613,-9.91795986804448e-05
-0.00122634453806954,0.00284848799312313,-0.000100594750567736
-0.00122659019241373,0.00284487753857911,-0.000101984230215958
-0.00122683007549365,0.00284128646510397,-0.000103348256343898
-0.00122706384326331,0.00283771506592651,-0.000104687050683958
-0.00122729117016525,0.0028341636183428,-0.000106000837775521
-0.00122751174853322,0.00283063238418269,-0.000107289844765062
-0.0012277252880107,0.00282712161026491,-0.000108554301212842
-0.001227931514985,0.00282363152884082,-0.000109794438905942
-0.00122813017203658,0.00282016235802726,-0.000111010491677563
-0.00122832101740309,0.00281671430222866,-0.000112202695232334
-0.00122850382445788,0.00281328755254857,-0.000113371286977543
-0.00122867838120266,0.00280988228719108,-0.000114516505860076
-0.0012288444897738,0.00280649867185203,-0.000115638592208947
-0.00122900196596218,0.00280313686010067,-0.000116737787583235
-0.00122915063874603,0.00279979699375155,-0.000117814334625332
-0.00122929034983655,0.00279647920322714,-0.000118868476919295
-0.0012294209532361,0.00279318360791136,-0.000119900458854222
-0.00122954231480837,0.00278991031649415,-0.000120910525492457
-0.00122965431186058,0.00278665942730729,-0.00012189892244256
-0.00122975683273713,0.00278343102865176,-0.000122865895736844
-0.00122984977642458,0.0027802251991168,-0.000123811691713388
-0.00122993305216761,0.00277704200789073,-0.000124736556902423
-0.00123000657909578,0.00277388151506399,-0.000125640737916899
-0.00123007028586069,0.00277074377192429,-0.000126524481347207
-0.00123012411028332,0.00276762882124425,-0.000127388033659865
-0.00123016799901147,0.00276453669756166,-0.000128231641100093
-0.00123020190718672,0.00276146742745246,-0.000129055549598174
-0.00123022579812106,0.0027584210297967,-0.000129860004679461
-0.00123023964298251,0.00275539751603755,-0.000130645251377965
-0.00123024342049002,0.0027523968904337,-0.000131411534153399
-0.0012302371166169,0.00274941915030502,-0.000132159096811577
-0.00123022072430294,0.00274646428627193,-0.000132888182428089
-0.00123019424317487,0.00274353228248847,-0.00013359903327515
-0.00123015767927486,0.00274062311686914,-0.000134291890751518
-0.00123011104479706,0.00273773676130994,-0.000134966995315422
-0.00123005435783177,0.00273487318190344,-0.000135624586420375
-0.00122998764211721,0.00273203233914816,-0.000136264902453826
-0.0012299109267986,0.00272921418815246,-0.000136888180678531
-0.00122982424619437,0.00272641867883287,-0.000137494657176599
-0.00122972763956938,0.00272364575610726,-0.0001380845667961
-0.00122962115091492,0.0027208953600827,-0.000138658143100191
-0.00122950482873529,0.00271816742623836,-0.000139215618318642
-0.00122937872584094,0.00271546188560335,-0.000139757223301749
-0.00122924289914772,0.0027127786649299,-0.000140283187476514
-0.00122909740948242,0.00271011768686173,-0.000140793738805024
-0.00122894232139415,0.00270747887009778,-0.000141289103745009
-0.00122877770297161,0.00270486212955163,-0.000141769507212452
-0.00122860362566598,0.00270226737650636,-0.00014223517254623
-0.00122842016411932,0.00269969451876525,-0.000142686321474715
-0.00122822739599838,0.00269714346079827,-0.000143123174084245
-0.00122802540183353,0.00269461410388451,-0.000143545948789463
-0.00122781426486295,0.00269210634625066,-0.000143954862305405
-0.00122759407088159,0.00268962008320561,-0.00014435012962132
-0.0012273649080951,0.00268715520727118,-0.000144731963976164
-0.00122712686697844,0.00268471160830935,-0.000145100576835695
-0.00122688004013892,0.00268228917364571,-0.000145456177871133
-0.0012266245221839,0.0026798877881895,-0.000145798974939331
-0.00122636040959273,0.00267750733455018,-0.000146129174064415
-0.00122608780059286,0.00267514769315069,-0.000146446979420827
-0.00122580679504012,0.00267280874233746,-0.000146752593317738
-0.00122551749430301,0.00267049035848712,-0.000147046216184791
-0.00122522000115085,0.00266819241611033,-0.000147328046559109
-0.00122491441964568,0.00266591478795235,-0.000147598281073553
-0.00122460085503792,0.00266365734509086,-0.000147857114446156
-0.00122427941366557,0.0026614199570307,-0.000148104739470724
-0.00122395020285687,0.00265920249179603,-0.00014834134700854
-0.00122361333083639,0.00265700481601952,-0.00014856712598115
-0.00122326890663444,0.0026548267950291,-0.000148782263364176
-0.00122291703999959,0.0026526682929319,-0.000148986944182141
-0.00122255784131441,0.00265052917269578,-0.000149181351504247
-0.0012221914215142,0.00264840929622835,-0.000149365666441093
-0.00122181789200868,0.00264630852445361,-0.000149540068142283
-0.0012214373646065,0.00264422671738612,-0.000149704733794898
-0.0012210499514426,0.00264216373420306,-0.000149859838622808
-0.00122065576490827,0.00264011943331392,-0.000150005555886772
-0.00122025491758379,0.00263809367242804,-0.000150142056885324
-0.0012198475221737,0.00263608630862006,-0.00015026951095639
-0.00121943369144448,0.00263409719839326,-0.000150388085479623
-0.00121901353816474,0.00263212619774091,-0.000150497945879423
-0.00121858717504763,0.00263017316220571,-0.000150599255628618
-0.00121815471469568,0.00262823794693712,-0.000150692176252776
-0.00121771626954772,0.00262632040674709,-0.000150776867335124
-0.00121727195182805,0.00262442039616377,-0.000150853486522059
-0.0012168218734976,0.00262253776948358,-0.000150922189529203
-0.00121636614620724,0.00262067238082139,-0.000150983130148007
-0.00121590488125295,0.00261882408415927,-0.000151036460252865
-0.00121543818953296,0.00261699273339333,-0.000151082329808716
-0.0012149661815067,0.00261517818237917,-0.000151120886879122
-0.00121448896715565,0.00261338028497572,-0.000151152277634791
-0.00121400665594576,0.00261159889508745,-0.000151176646362536
-0.00121351935679177,0.00260983386670535,-0.000151194135474634
-0.00121302717802302,0.00260808505394622,-0.000151204885518591
-0.00121253022735092,0.00260635231109074,-0.00015120903518726
-0.00121202861183796,0.00260463549262011,-0.000151206721329341
-0.00121152243786822,0.00260293445325142,-0.000151198078960189
-0.00121101181111933,0.0026012490479716,-0.000151183241272972
-0.00121049683653582,0.00259957913207033,-0.000151162339650109
-0.00120997761830389,0.00259792456117151,-0.000151135503675018
-0.00120945425982742,0.00259628519126374,-0.000151102861144123
-0.00120892686370539,0.00259466087872945,-0.000151064538079129
-0.00120839553171039,0.00259305148037311,-0.000151020658739539
-0.00120786036476845,0.00259145685344821,-0.000150971345635401
-0.00120732146293997,0.00258987685568317,-0.000150916719540278
-0.00120677892540184,0.00258831134530635,-0.000150856899504413
-0.00120623285043058,0.00258676018106987,-0.000150792002868094
-0.0012056833353866,0.00258522322227262,-0.000150722145275197
-0.00120513047669943,0.00258370032878224,-0.000150647440686894
-0.00120457436985399,0.00258219136105615,-0.000150568001395522
-0.00120401510937779,0.00258069618016173,-0.000150483938038591
-0.00120345278882904,0.00257921464779563,-0.000150395359612935
-0.00120288750078573,0.00257774662630221,-0.000150302373488976
-0.00120231933683543,0.00257629197869113,-0.000150205085425113
-0.00120174838756612,0.00257485056865418,-0.000150103599582212
-0.00120117474255765,0.00257342226058136,-0.000149998018538182
-0.00120059849037408,0.00257200691957608,-0.000149888443302655
-0.00120001971855677,0.00257060441146979,-0.000149774973331723
-0.00119943851361813,0.00256921460283575,-0.000149657706542762
