-0.00019441959687511,-2.63518025138913e-05,-0.000161943555294362
-0.000270701506449083,-3.58608182750475e-05,-0.000225190175685774
-0.000326424805573368,-4.22380137150234e-05,-0.000271190487829184
-0.000371116841644204,-4.68748701403106e-05,-0.0003079157499361
-0.000408540554103968,-5.03358723310156e-05,-0.000338519571983766
-0.000440663151191225,-5.29237509688694e-05,-0.000364653309140423
-0.000468675852541297,-5.48263836005841e-05,-0.00038731853225428
-0.000493369820079273,-5.61715300205816e-05,-0.000407181498358648
-0.000515305196377286,-5.70517016129849e-05,-0.000424714644185429
-0.000534897628794306,-5.75370230551034e-05,-0.000440269057861295
-0.000552466840530721,-5.76825271670395e-05,-0.000454115187963935
-0.000568265859073688,-5.75325903318212e-05,-0.00046646735701482
-0.00058249958855448,-5.71237802916429e-05,-0.000477499348273001
-0.00059533714004739,-5.64867666908427e-05,-0.000487354760932783
-0.000606920319039009,-5.564765010513e-05,-0.000496154142973515
-0.000617369647674449,-5.46289151036739e-05,-0.000504000055800566
-0.000626788749696705,-5.3450131649441e-05,-0.000510980764568127
-0.000635267615210996,-5.21284829682615e-05,-0.000517172987772983
-0.000642885079149952,-5.06791706462963e-05,-0.000522643986169319
-0.000649710735278305,-4.91157308939478e-05,-0.000527453177154333
-0.000655806436889961,-4.74502852455362e-05,-0.000531653401511769
-0.000661227489503986,-4.56937420081568e-05,-0.00053529193095024
-0.000666023610393069,-4.38559601254593e-05,-0.000538411279307782
-0.00067023970907618,-4.19458839481366e-05,-0.000541049862920228
-0.000673916528564334,-3.99716551924257e-05,-0.000543242543609861
-0.000677091177033704,-3.79407068008576e-05,-0.000545021079256468
-0.000679797572351603,-3.58598422905954e-05,-0.00054641450082323
-0.000682066816609185,-3.37353033493501e-05,-0.000547449430279689
-0.000683927513928893,-3.15728278273598e-05,-0.000548150350597287
-0.000685406041914952,-2.93776998151116e-05,-0.000548539836554401
-0.000686526784926196,-2.71547931483715e-05,-0.000548638753246257
-0.000687312335680794,-2.49086094151278e-05,-0.000548466427789919
-0.00068778367041602,-2.26433113322737e-05,-0.000548040798631575
-0.000687960301826167,-2.03627521983194e-05,-0.000547378546021153
-0.000687860413217545,-1.8070502000989e-05,-0.000546495206558632
-0.000687500976699761,-1.5769870657413e-05,-0.000545405274194166
-0.000686897857738993,-1.34639287835702e-05,-0.000544122289648015
-0.00068606590800312,-1.11555263243491e-05,-0.000542658919882535
-0.000685019048109248,-8.84730932254957e-06,-0.000541027028988931
-0.000683770341624561,-6.54173506191589e-06,-0.000539237741632477
-0.000682332061459482,-4.24108578367469e-06,-0.000537301500020864
-0.000680715749617836,-1.94748114672801e-06,-0.000535228115213209
-0.000678932271124912,3.37110422794383e-07,-0.000533026813465652
-0.00067699186283476,2.61086136722056e-06,-0.000530706278208485
-0.000674904177718487,4.87207551000133e-06,-0.000528274688165538
-0.00067267832515176,7.1191793514167e-06,-0.000525739752055806
-0.000670322907649557,9.35071406561822e-06,-0.000523108740257989
-0.000667846054436695,1.15653281275924e-05,-0.000520388513768214
-0.000665255452192426,1.37617705074953e-05,-0.000517585550738605
-0.000662558373264391,1.59388843773488e-05,-0.000514705970848033
-0.000659761701610665,1.80956012815606e-05,-0.000511755557725243
-0.000656871956697056,2.02309357283778e-05,-0.000508739779617971
-0.000653895315549915,2.23439801641707e-05,-0.000505663808478644
-0.000650837633141234,2.44339002967048e-05,-0.000502532537617471
-0.000647704461262667,2.64999307371723e-05,-0.000499350598056581
-0.000644501066027546,2.85413709339819e-05,-0.000496122373703891
-0.000641232444124624,3.05575813741095e-05,-0.00049285201545247
-0.000637903337933997,3.25479800302397e-05,-0.000489543454299743
-0.000634518249603902,3.45120390341271e-05,-0.000486200413570996
-0.000631081454176874,3.64492815584955e-05,-0.000482826420322875
-0.000627597011844706,3.83592788915107e-05,-0.000479424815994878
-0.000624068779403677,4.02416476893202e-05,-0.000475998766370118
-0.000620500420974504,4.20960473935411e-05,-0.000472551270900564
-0.000616895418045207,4.39221778017054e-05,-0.000469085171446704
-0.000613257078889567,4.57197767797994e-05,-0.000465603160476815
-0.000609588547408941,4.74886181069265e-05,-0.000462107788766877
-0.000605892811440748,4.92285094429987e-05,-0.000458601472638353
-0.000602172710573115,5.09392904111453e-05,-0.000455086500767754
-0.000598430943501563,5.26208307871715e-05,-0.000451565040598912
-0.000594670074960552,5.42730287890575e-05,-0.000448039144386154
-0.000590892542259825,5.5895809460039e-05,-0.000444510754894208
-0.00058710066145297,5.74891231393145e-05,-0.000440981710778466
-0.000583296633163346,5.90529440148822e-05,-0.000437453751667247
-0.000579482548090408,6.05872687534319e-05,-0.000433928522966015
-0.000575660392217649,6.20921152026071e-05,-0.000430407580401794
-0.00057183205174164,6.3567521161263e-05,-0.000426892394324675
-0.000567999317740176,6.50135432137201e-05,-0.000423384353781912
-0.000564163890596052,6.64302556242312e-05,-0.000419884770378984
-0.000560327384191834,6.78177492882099e-05,-0.000416394881940844
-0.000556491329889741,6.91761307369588e-05,-0.000412915855985632
-0.000552657180309771,7.05055211928869e-05,-0.000409448793022208
-0.00054882631291821,7.18060556724002e-05,-0.000405994729682025
-0.000545000033437801,7.30778821338351e-05,-0.000402554641695145
-0.000541179579090021,7.43211606679652e-05,-0.000399129446719467
-0.00053736612167923,7.5536062728814e-05,-0.000395720007031606
-0.000533560770527716,7.67227704025886e-05,-0.000392327132087332
-0.000529764575270089,7.78814757127323e-05,-0.000388951580958861
-0.000525978528514893,7.90123799592106e-05,-0.000385594064655877
-0.000522203568380776,8.01156930902474e-05,-0.000382255248336652
-0.000518440580914045,8.11916331048403e-05,-0.000378935753415249
-0.000514690402394077,8.22404254844947e-05,-0.000375636159570391
-0.000510953821532527,8.32623026527075e-05,-0.000372357006661221
-0.000507231581571986,8.42575034607832e-05,-0.00036909879655487
-0.00050352438228933,8.5226272698707e-05,-0.000365861994870408
-0.000499832881908728,8.61688606298257e-05,-0.000362647032643498
-0.000496157698928912,8.70855225481653e-05,-0.000359454307915824
-0.000492499413869078,8.79765183572924e-05,-0.000356284187253053
-0.000488858570937534,8.88421121696832e-05,-0.000353137007194974
-0.000485235679626894,8.96825719256176e-05,-0.000350013075641118
-0.000481631216239508,9.04981690306537e-05,-0.000346912673175088
-0.000478045625346474,9.12891780108297e-05,-0.000343836054330553
-0.000474479321183516,9.20558761847367e-05,-0.000340783448801756
-0.000470932688986733,9.2798543351687e-05,-0.000337755062601168
-0.000467406086271066,9.35174614952202e-05,-0.000334751079166832
-0.000463899844054239,9.42129145012512e-05,-0.000331771660421756
-0.000460414268028696,9.48851878901642e-05,-0.000328816947787586
-0.000456949639683959,9.55345685622428e-05,-0.000325887063154735
-0.000453506217381707,9.61613445557973e-05,-0.000322982109810901
-0.000450084237385729,9.67658048174378e-05,-0.000320102173329963
-0.00044668391484881,9.73482389839254e-05,-0.000317247322422983
-0.000443305444758496,9.79089371750954e-05,-0.000314417609753075
-0.000439949002843573,9.84481897973441e-05,-0.000311613072715746
-0.000436614746443022,9.89662873572099e-05,-0.000308833734186236
-0.000433302815339088,9.94635202845967e-05,-0.000306079603235348
-0.000430013332556074,9.99401787652197e-05,-0.000303350675815114
-0.000426746405126304,0.000100396552581849,-0.000300646935415666
-0.000423502124824744,0.000100832930963982,-0.000297968353694516
-0.000420280568873574,0.000101249602445542,-0.000295314891079477
-0.000417081800618024,0.000101646854730287,-0.000292686497346332
-0.000413905870174718,0.000102024974564568,-0.000290083112172352
-0.000410752815053634,0.000102384247617099,-0.000287504665666673
-0.000407622660754867,0.000102724958365472,-0.000284951078878524
-0.000404515421341173,0.000103047389989087,-0.000282422264284237
-0.000401431099987374,0.000103351824268225,-0.000279918126253923
-0.000398369689507537,0.000103638541489006,-0.000277438561498678
-0.000395331172860849,0.00010390782035396,-0.000274983459499101
-0.000392315523637103,0.000104159937897982,-0.000272552702915935
-0.000389322706522568,0.000104395169409412,-0.00027014616798353
-0.000386352677747094,0.000104613788356038,-0.000267763724886862
-0.000383405385513187,0.000104816066315808,-0.000265405238122767
-0.00038048077040778,0.000105002272912013,-0.00026307056684603
-0.000377578765797411,0.000105172675752793,-0.000260759565200958
-0.000374699298207461,0.000105327540374732,-0.000258472082639016
-0.000371842287686091,0.000105467130190397,-0.000256207964223079
-0.000369007648153484,0.000105591706439615,-0.000253967050918853
-0.00036619528773698,0.000105701528144357,-0.000251749179873988
-0.000363405109092657,0.00010579685206705,-0.000249554184685331
-0.000360637009713889,0.000105877932672158,-0.000247381895654852
-0.000357890882227397,0.000105945022090912,-0.000245232140034644
-0.000355166614677278,0.00010599837008902,-0.000243104742261462
-0.000352464090797482,0.000106038224037259,-0.000240999524181195
-0.000349783190273191,0.000106064828884774,-0.00023891630526368
-0.000347123788991521,0.000106078427135007,-0.000236854902808237
-0.000344485759281965,0.00010607925882411,-0.000234815132140287
-0.000341868970146978,0.000106067561501742,-0.000232796806799402
-0.000339273287483077,0.000106043570214128,-0.00023079973871913
-0.00033669857429282,0.000106007517489294,-0.000228823738398912
-0.000334144690888017,0.000105959633324369,-0.000226868615068398
-0.000331611495084509,0.000105900145174855,-0.000224934176844463
-0.000329098842388837,0.000105829277945774,-0.000223020230881211
-0.000326606586177105,0.000105747253984616,-0.000221126583513224
-0.000324134577866344,0.000105654293075992,-0.000219253040392346
-0.00032168266707865,0.000105550612437907,-0.000217399406618225
-0.000319250701798388,0.000105436426719588,-0.000215565486862879
-0.000316838528522702,0.000105311948000791,-0.000213751085489498
-0.0003144459924056,0.000105177385792493,-0.000211956006665726
-0.000312072937395871,0.000105032947038943,-0.000210180054471621
-0.000309719206369017,0.00010487883612096,-0.000208423033002511
-0.000307384641253497,0.000104715254860447,-0.000206684746466934
-0.000305069083151433,0.000104542402526047,-0.000204964999279865
