-0.0211453668228311,-0.0265736412206869,-0.0188249973301182
-0.0212361845984744,-0.0266530210374951,-0.0186474723368566
-0.0213228037372055,-0.0267284887660407,-0.0184760955205085
-0.0214053444813991,-0.0268001569405622,-0.0183106999396819
-0.0214839241284832,-0.026868135349089,-0.0181511227083656
-0.0215586570976444,-0.0269325310952268,-0.0179972049033912
-0.0216296549950902,-0.0269934486586154,-0.0178487914739218
-0.0216970266778966,-0.0270509899540901,-0.0177057311529243
-0.0217608783164737,-0.0271052543895691,-0.0175678763705838
-0.0218213134556758,-0.0271563389226973,-0.0174350831696176
-0.0218784330745865,-0.0272043381162701,-0.0173072111224498
-0.0219323356450046,-0.0272493441924635,-0.017184123250205
-0.0219831171886603,-0.0272914470858957,-0.0170656859434841
-0.0220308713331876,-0.0273307344955443,-0.0169517688848825
-0.0220756893668777,-0.0273672919355419,-0.0168422449732156
-0.0221176602922415,-0.0274012027848765,-0.0167369902494125
-0.022156870878405,-0.0274325483360163,-0.0166358838240449
-0.0221934057123625,-0.0274614078424828,-0.0165388078064537
-0.022227347249111,-0.0274878585653956,-0.0164456472354417
-0.0222587758606908,-0.0275119758190072,-0.0163562900114965
-0.0222877698841544,-0.027533833015253,-0.0162706268305128
-0.0223144056684866,-0.0275535017073328,-0.0161885511189804
-0.0223387576204982,-0.0275710516323481,-0.0161099589706077
-0.0223608982497149,-0.0275865507530121,-0.0160347490843491
-0.0223808982122821,-0.0276000652984539,-0.0159628227038063
-0.0223988263539078,-0.0276116598041342,-0.0158940835579753
-0.0224147497518627,-0.0276213971508926,-0.0158284378033071
-0.0224287337560576,-0.0276293386031436,-0.0157657939670581
-0.0224408420292192,-0.0276355438462407,-0.0157060628918987
-0.0224511365861811,-0.0276400710230238,-0.0156491576817549
-0.0224596778323105,-0.0276429767695704,-0.0155949936488564
-0.0224665246010884,-0.0276443162501631,-0.0155434882619648
-0.0224717341908614,-0.0276441431914945,-0.0154945610957558
-0.0224753624007823,-0.0276425099161218,-0.0154481337813327
-0.0224774635659577,-0.0276394673751893,-0.0154041299578433
-0.0224780905918186,-0.0276350651804337,-0.0153624752251809
-0.0224772949877306,-0.0276293516354853,-0.0153230970977413
-0.0224751268998607,-0.0276223737664849,-0.0152859249592168
-0.0224716351433155,-0.0276141773520244,-0.0152508900184022
-0.0224668672335672,-0.0276048069524316,-0.0152179252659924
-0.0224608694171828,-0.0275943059384079,-0.0151869654323499
-0.0224536867018693,-0.0275827165190371,-0.0151579469462204
-0.0224453628858527,-0.0275700797691744,-0.0151308078943769
-0.0224359405866027,-0.027556435656233,-0.0151054879821714
-0.022425461268918,-0.0275418230663768,-0.0150819284949756
-0.0224139652723854,-0.0275262798301351,-0.0150600722604901
-0.0224014918382271,-0.0275098427474508,-0.0150398636119039
-0.0223880791355478,-0.0274925476121724,-0.0150212483518856
-0.0223737642869963,-0.0274744292360038,-0.0150041737173883
-0.0223585833938523,-0.0274555214719231,-0.01498858834525
-0.0223425715605521,-0.0274358572370794,-0.0149744422385734
-0.0223257629186649,-0.0274154685351828,-0.0149616867338668
-0.0223081906503309,-0.0273943864783947,-0.0149502744689293
-0.0222898870111737,-0.0273726413087305,-0.0149401593514671
-0.0222708833526979,-0.0273502624189855,-0.0149312965284196
-0.0222512101441828,-0.027327278373194,-0.0149236423559857
-0.0222308969940829,-0.0273037169266305,-0.01491715437033
-0.0222099726709474,-0.0272796050453647,-0.0149117912589575
-0.0221884651238661,-0.0272549689253775,-0.0149075128327409
-0.022166401502455,-0.02722983401125,-0.014904279998585
-0.0221438081763898,-0.0272042250144324,-0.0149020547327168
-0.0221207107544978,-0.0271781659311031,-0.0149008000545858
-0.022097134103416,-0.0271516800596263,-0.0149004800013609
-0.022073102365829,-0.0271247900176169,-0.0149010596030125
-0.02204863897829,-0.0270975177586209,-0.0149025048579655
-0.0220237666886388,-0.0270698845884201,-0.0149047827093109
-0.021998507573024,-0.0270419111809684,-0.0149078610215638
-0.0219728830525356,-0.027013617593968,-0.0149117085579564
-0.021946913909461,-0.0269850232840937,-0.0149162949582536
-0.0219206203031685,-0.0269561471218723,-0.0149215907170789
-0.0218940217856289,-0.0269270074062243,-0.0149275671627418
-0.0218671373165819,-0.0268976218786761,-0.0149341964365524
-0.021839985278355,-0.0268680077372491,-0.0149414514726155
-0.0218125834903435,-0.0268381816500329,-0.0149493059780914
-0.0217849492231578,-0.0268081597684489,-0.0149577344139143
-0.0217570992124463,-0.0267779577402131,-0.0149667119759574
-0.0217290496723994,-0.0267475907220003,-0.0149762145766354
-0.0217008163089443,-0.0267170733918222,-0.0149862188269352
-0.0216724143326335,-0.0266864199611192,-0.0149967020188631
-0.0216438584712381,-0.0266556441865774,-0.0150076421083022
-0.0216151629820487,-0.0266247593816732,-0.0150190176982687
-0.021586341663892,-0.0265937784279537,-0.015030808022559
-0.0215574078688696,-0.0265627137860571,-0.0150429929297798
-0.0215283745138241,-0.0265315775064798,-0.0150555528677504
-0.021499254091539,-0.0265003812400947,-0.0150684688682713
-0.0214700586816785,-0.0264691362484282,-0.0150817225322498
-0.0214407999614723,-0.0264378534136972,-0.0150952960151745
-0.0214114892161518,-0.0264065432486162,-0.0151091720129313
-0.0213821373491422,-0.0263752159059763,-0.0151233337479535
-0.021352754892017,-0.026343881188001,-0.0151377649556973
-0.0213233520142188,-0.0263125485554863,-0.0151524498714379
-0.021293938532553,-0.0262812271367267,-0.0151673732173755
-0.0212645239204588,-0.0262499257362343,-0.0151825201900477
-0.0212351173170615,-0.0262186528432536,-0.0151978764480393
-0.0212057275360128,-0.0261874166400777,-0.0152134280999837
-0.0211763630741222,-0.0261562250101702,-0.0152291616928488
-0.0211470321197847,-0.0261250855460964,-0.0152450642005012
-0.02111774256121,-0.0260940055572684,-0.0152611230125435
-0.021088501994456,-0.0260629920775084,-0.0152773259234162
-0.0210593177312729,-0.0260320518724339,-0.0152936611217611
-0.0210301968067604,-0.0260011914466683,-0.0153101171800373
-0.0210011459868429,-0.0259704170508825,-0.0153266830443869
-0.0209721717755674,-0.0259397346886685,-0.0153433480247432
-0.0209432804222269,-0.0259091501232515,-0.0153601017851753
-0.0209144779283132,-0.0258786688840417,-0.0153769343344664
-0.0208857700543048,-0.0258482962730315,-0.0153938360169168
-0.0208571623262907,-0.0258180373710397,-0.0154107975033702
-0.0208286600424359,-0.0257878970438067,-0.0154278097824552
-0.0208002682792922,-0.0257578799479456,-0.0154448641520392
-0.0207719918979557,-0.0257279905367489,-0.015461952210889
-0.0207438355500768,-0.0256982330658579,-0.0154790658505329
-0.0207158036837245,-0.0256686115987948,-0.0154961972473212
-0.0206879005491095,-0.0256391300123626,-0.015513338854679
-0.0206601302041678,-0.0256097920019148,-0.0155304833955475
-0.0206324965200093,-0.0255806010864975,-0.0155476238550106
-0.0206050031862334,-0.0255515606138681,-0.0155647534731001
-0.0205776537161155,-0.0255226737653912,-0.0155818657377779
-0.020550451451667,-0.0254939435608175,-0.0155989543780899
-0.0205233995685708,-0.0254653728629447,-0.0156160133574873
-0.0204965010809965,-0.0254369643821667,-0.0156330368673129
-0.0204697588462976,-0.0254087206809097,-0.0156500193204475
-0.0204431755695926,-0.0253806441779625,-0.0156669553451116
-0.0204167538082336,-0.0253527371526984,-0.0156838397788232
-0.020390495976164,-0.0253250017491948,-0.0157006676625012
-0.0203644043481696,-0.0252974399802511,-0.0157174342347186
-0.0203384810640233,-0.0252700537313076,-0.0157341349260957
-0.0203127281325268,-0.025242844764268,-0.0157507653538341
-0.0202871474354523,-0.0252158147212265,-0.0157673213163865
-0.020261740731386,-0.0251889651281037,-0.0157837987882596
-0.0202365096594744,-0.0251622973981908,-0.0158001939149465
-0.0202114557430786,-0.0251358128356069,-0.0158165030079866
-0.0201865803933347,-0.0251095126386688,-0.0158327225401496
-0.0201618849126267,-0.0250833979031774,-0.0158488491407399
-0.0201373704979705,-0.025057469625621,-0.0158648795910193
-0.0201130382443127,-0.0250317287062991,-0.0158808108197465
-0.0200888891477464,-0.0250061759523661,-0.0158966398988273
-0.0200649241086444,-0.0249808120807999,-0.015912364039077
-0.0200411439347139,-0.0249556377212935,-0.0159279805860891
-0.0200175493439718,-0.024930653419075,-0.0159434870162098
-0.0199941409676457,-0.0249058596376545,-0.0159588809326146
-0.0199709193529986,-0.024881256761502,-0.0159741600614851
-0.0199478849660826,-0.0248568450986559,-0.0159893222482847
-0.0199250381944214,-0.0248326248832658,-0.016004365454128
-0.0199023793496224,-0.0248085962780687,-0.0160192877522456
-0.0198799086699228,-0.0247847593768025,-0.0160340873245381
-0.0198576263226684,-0.0247611142065567,-0.01604876245822
-0.0198355324067284,-0.0247376607300618,-0.0160633115425509
-0.0198136269548472,-0.0247143988479204,-0.0160777330656504
-0.0197919099359342,-0.0246913284007788,-0.0160920256113961
-0.0197703812572945,-0.0246684491714428,-0.0161061878564033
-0.0197490407667998,-0.0246457608869381,-0.0161202185670822
-0.0197278882550024,-0.0246232632205159,-0.016134116596773
-0.0197069234571936,-0.0246009557936062,-0.0161478808829563
-0.0196861460554072,-0.0245788381777193,-0.0161615104445361
-0.0196655556803692,-0.0245569098962973,-0.0161750043791949
-0.0196451519133965,-0.0245351704265153,-0.0161883618608192
-0.0196249342882434,-0.0245136192010357,-0.016201582136992
-0.0196049022928999,-0.0244922556097152,-0.0162146645265532
-0.01958505537134,-0.024471079001265,-0.0162276084172241
-0.0195653929252241,-0.0244500886848685,-0.0162404132632959
