-0.0012273679615437,0.00302452032053283,-2.16750681494849e-05
-0.00123475060222782,0.00303036271502604,-3.11175994604986e-05
-0.00124179054564752,0.00303579228385861,-4.01860294892011e-05
-0.0012484974793649,0.00304082157810319,-4.88906891452462e-05
-0.00125488085719384,0.00304546283624558,-5.72416617334382e-05
-0.00126094990443565,0.0030497279913152,-6.52487884864444e-05
-0.00126671362300237,0.00305362867786044,-7.29216739788023e-05
-0.00127218079642977,0.00305717623877233,-8.0269691424702e-05
-0.00127735999478269,0.00306038173195966,-8.73019878619743e-05
-0.00128225957945481,0.00306325593687863,-9.40274892246474e-05
-0.00128688770786506,0.0030658093609202,-0.000100454905306442
-0.00129125233805283,0.00306805224565805,-0.00010659273461744
-0.00129536123317415,0.00306999457296027,-0.000112449269136199
-0.00129922196590094,0.00307164607096736,-0.000118032598959484
-0.00130284192272526,0.00307301621993972,-0.000123350616851772
-0.00130622830817057,0.00307411425797712,-0.000128411022696619
-0.00130938814891209,0.00307494918661299,-0.000133221327851961
-0.00131232829780797,0.00307552977628621,-0.000137788859411356
-0.00131505543784333,0.00307586457169282,-0.000142120764373136
-0.00131757608598881,0.00307596189702048,-0.000146224013719414
-0.00131989659697562,0.00307582986106786,-0.00015010540640685
-0.0013220231669887,0.00307547636225168,-0.000153771573270979
-0.00132396183727978,0.00307490909350353,-0.000157228980845995
-0.00132571849770204,0.0030741355470591,-0.000160483935101703
-0.00132729889016791,0.00307316301914176,-0.000163542585099418
-0.00132870861203187,0.00307199861454311,-0.000166410926568502
-0.00132995311939949,0.00307064925110236,-0.00016909480540523
-0.00133103773036457,0.00306912166408696,-0.000171599921095583
-0.00133196762817577,0.00306742241047636,-0.000173931830063622
-0.00133274786433416,0.00306555787315119,-0.00017609594894697
-0.00133338336162327,0.00306353426498964,-0.000178097557800955
-0.00133387891707301,0.00306135763287323,-0.00017994180323295
-0.0013342392048588,0.00305903386160379,-0.000181633701468304
-0.00133446877913743,0.00305656867773353,-0.000183178141349418
-0.00133457207682078,0.00305396765331014,-0.000184579887269279
-0.00133455342028897,0.00305123620953872,-0.000185843582040903
-0.00133441702004393,0.0030483796203622,-0.000186973749704022
-0.00133416697730496,0.00304540301596221,-0.000187974798270323
-0.00133380728654721,0.0030423113861819,-0.000188851022408597
-0.00133334183798455,0.00303910958387249,-0.000189606606070982
-0.00133277441999784,0.00303580232816515,-0.00019024562506167
-0.00133210872150982,0.00303239420766989,-0.000190772049549151
-0.00133134833430777,0.00302888968360283,-0.000191189746523344
-0.00133049675531499,0.00302529309284367,-0.000191502482198658
-0.00132955738881226,0.00302160865092458,-0.000191713924364214
-0.00132853354861032,0.0030178404549522,-0.000191827644682313
-0.00132742846017436,0.00301399248646407,-0.000191847120936265
-0.00132624526270159,0.00301006861422093,-0.00019177573922864
-0.00132498701115294,0.00300607259693628,-0.000191616796131012
-0.00132365667823976,0.00300200808594456,-0.000191373500786238
-0.00132225715636653,0.00299787862780926,-0.000191048976964237
-0.00132079125953052,0.0029936876668722,-0.000190646265072332
-0.00131926172517938,0.00298943854774545,-0.000190168324121052
-0.00131767121602742,0.00298513451774681,-0.00018961803364639
-0.00131602232183154,0.00298077872928038,-0.000188998195589439
-0.00131431756112777,0.00297637424216323,-0.000188311536134299
-0.00131255938292904,0.00297192402589936,-0.000187560707505169
-0.00131075016838522,0.00296743096190215,-0.000186748289723474
-0.00130889223240612,0.00296289784566639,-0.000185876792325919
-0.00130698782524826,0.0029583273888909,-0.000184948656044251
-0.0013050391340663,0.00295372222155296,-0.000183966254447606
-0.00130304828442961,0.00294908489393552,-0.000182931895548202
-0.00130101734180514,0.00294441787860818,-0.00018184782337119
-0.00129894831300688,0.00293972357236298,-0.00018071621948941
-0.00129684314761292,0.00293500429810602,-0.000179539204523831
-0.00129470373935078,0.00293026230670585,-0.000178318839610382
-0.0012925319274515,0.0029254997787995,-0.000177057127833933
-0.0012903294979734,0.00292071882655715,-0.000175756015630083
-0.00128809818509599,0.00291592149540641,-0.000174417394155506
-0.0012858396723848,0.00291110976571687,-0.000173043100627485
-0.00128355559402764,0.00290628555444605,-0.000171634919633319
-0.00128124753604302,0.00290145071674734,-0.000170194584410247
-0.00127891703746121,0.00289660704754106,-0.000168723778096537
-0.00127656559147868,0.00289175628304911,-0.000167224134954334
-0.00127419464658631,0.00288690010229424,-0.000165697241564915
-0.00127180560767215,0.00288204012856472,-0.000164144637996904
-0.00126939983709908,0.00287717793084497,-0.000162567818948078
-0.00126697865575806,0.00287231502521312,-0.000160968234861301
-0.0012645433440974,0.00286745287620612,-0.000159347293015149
-0.00126209514312867,0.0028625928981531,-0.000157706358589801
-0.00125963525540963,0.00285773645647769,-0.000156046755708696
-0.00125716484600481,0.00285288486897008,-0.00015436976845651
-0.00125468504342414,0.0028480394070293,-0.000152676641873954
-0.00125219694054011,0.00284320129687659,-0.000150968582929901
-0.001249701595484,0.00283837172074028,-0.000149246761471317
-0.00124720003252154,0.002833551818013,-0.000147512311151515
-0.00124469324290852,0.00282874268638173,-0.000145766330337178
-0.00124218218572673,0.00282394538293129,-0.000144009882994602
-0.00123966778870073,0.00281916092522191,-0.000142243999555648
-0.00123715094899582,0.00281439029234141,-0.000140469677763812
-0.00123463253399756,0.00280963442593255,-0.000138687883500868
-0.00123211338207344,0.00280489423119615,-0.0001368995515945
-0.00122959430331685,0.00280017057787046,-0.000135105586607331
-0.00122707608027388,0.00279546430118735,-0.000133306863607771
-0.00122455946865335,0.00279077620280582,-0.000131504228923073
-0.00122204519802031,0.00278610705172333,-0.000129698500874986
-0.00121953397247347,0.00278145758516541,-0.000127890470498392
-0.00121702647130695,0.00277682850945414,-0.000126080902243295
-0.00121452334965653,0.0027722205008559,-0.000124270534660521
-0.0012120252391309,0.00276763420640877,-0.000122460081071512
-0.00120953274842821,0.00276307024473021,-0.00012065023022253
-0.00120704646393821,0.0027585292068054,-0.000118841646923634
-0.00120456695033021,0.0027540116567565,-0.000117034972672773
-0.00120209475112743,0.00274951813259359,-0.000115230826265288
-0.00119963038926775,0.00274504914694735,-0.000113429804389198
-0.00119717436765136,0.00274060518778419,-0.000111632482206518
-0.0011947271696755,0.00273618671910402,-0.000109839413920986
-0.00119228925975662,0.00273179418162113,-0.000108051133332449
-0.0011898610838402,0.00272742799342854,-0.000106268154378215
-0.00118744306989856,0.00272308855064625,-0.00010449097166168
-0.00118503562841691,0.00271877622805366,-0.000102720060968489
-0.00118263915286778,0.00271449137970661,-0.000100955879770509
-0.00118025402017435,0.00271023433953929,-9.91988677179019e-05
-0.00117788059116262,0.00270600542195144,-9.74494471195386e-05
-0.00117551921100295,0.0027018049223812,-9.57080234120344e-05
-0.00117317020964097,0.00269763311786376,-9.39749856176406e-05
-0.00117083390221826,0.0026934902675764,-9.2250706791255e-05
-0.00116851058948295,0.00268937661337,-9.05355444567819e-05
-0.00116620055819052,0.00268529238028741,-8.88298410330928e-05
-0.00116390408149491,0.00268123777706903,-8.71339242497989e-05
-0.00116162141933033,0.00267721299664579,-8.54481075530922e-05
-0.00115935281878378,0.00267321821661994,-8.37726905018439e-05
-0.0011570985144587,0.00266925359973381,-8.210795915421e-05
-0.00115485872882968,0.00266531929432685,-8.04541864449306e-05
-0.0011526336725888,0.00266141543478126,-7.88116325535471e-05
-0.00115042354498338,0.00265754214195648,-7.71805452637389e-05
-0.0011482285341456,0.00265369952361274,-7.55611603139752e-05
-0.00114604881741418,0.00264988767482383,-7.39537017396757e-05
-0.0011438845616481,0.00264610667837965,-7.23583822070747e-05
-0.00114173592353271,0.00264235660517842,-7.07754033389847e-05
-0.00113960304987839,0.00263863751460902,-6.92049560326137e-05
-0.00113748607791185,0.00263494945492356,-6.76472207696575e-05
-0.00113538513556026,0.0026312924636005,-6.61023679187969e-05
-0.00113330034172844,0.00262766656769848,-6.45705580308046e-05
-0.0011312318065692,0.00262407178420109,-6.30519421264199e-05
-0.00112917963174696,0.00262050812035277,-6.15466619771385e-05
-0.00112714391069495,0.00261697557398608,-6.00548503791098e-05
-0.00112512472886589,0.00261347413384061,-5.85766314202651e-05
-0.00112312216397659,0.00261000377987344,-5.71121207408574e-05
-0.00112113628624632,0.00260656448356177,-5.56614257875436e-05
-0.00111916715862934,0.00260315620819755,-5.42246460611675e-05
-0.00111721483704154,0.00259977890917444,-5.28018733583812e-05
-0.00111527937058147,0.00259643253426733,-5.13931920072491e-05
-0.00111336080174573,0.00259311702390446,-4.99986790969732e-05
-0.00111145916663905,0.00258983231143241,-4.86184047018624e-05
-0.00110957449517892,0.00258657832337415,-4.72524320997001e-05
-0.00110770681129521,0.00258335497968016,-4.59008179846133e-05
-0.0011058561331246,0.002580162193973,-4.45636126745875e-05
-0.00110402247320011,0.0025769998737853,-4.32408603137414e-05
-0.00110220583863587,0.00257386792079145,-4.19325990694875e-05
-0.00110040623130703,0.00257076623103302,-4.06388613246911e-05
-0.0010986236480252,0.00256769469513821,-3.93596738649458e-05
-0.00109685808070931,0.00256465319853532,-3.80950580610775e-05
-0.00109510951655209,0.00256164162166047,-3.68450300469893e-05
-0.00109337793818229,0.00255865984015972,-3.56096008929506e-05
-0.00109166332382264,0.00255570772508563,-3.43887767744419e-05
-0.00108996564744375,0.0025527851430885,-3.3182559136651e-05
-0.00108828487891404,0.00254989195660235,-3.19909448547286e-05
-0.00108662098414568,0.00254702802402579,-3.08139263898993e-05
-0.00108497392523678,0.00254419319989789,-2.96514919415216e-05
