-0.00122810504614687,0.00302135969417223,-2.23957609584317e-05
-0.0012362068954251,0.00302418600756852,-3.25414598800499e-05
-0.00124394852273007,0.00302673977396392,-4.22958798984476e-05
-0.00125133996045896,0.00302902938461769,-5.16696930668229e-05
-0.00125839100091147,0.00303106302253101,-6.06733175152466e-05
-0.00126511120163928,0.00303284866716964,-6.93169230969169e-05
-0.00127150989068104,0.00303439409908447,-7.76104369136978e-05
-0.00127759617168516,0.00303570690443212,-8.55635487234433e-05
-0.00128337892892303,0.00303679447939772,-9.31857162315779e-05
-0.00128886683219463,0.00303766403452174,-0.000100486170269338
-0.00129406834162899,0.00303832259893321,-0.000107473919861067
-0.00129899171238157,0.00303877702449092,-0.000114157757182838
-0.00130364499923083,0.00303903398983492,-0.000120546262414708
-0.00130803606107604,0.00303910000434987,-0.000126647808488817
-0.00131217256533832,0.00303898141204232,-0.000132470565735496
-0.00131606199226711,0.00303868439533367,-0.000138022506429525
-0.00131971163915383,0.00303821497877049,-0.000143311409238657
-0.00132312862445492,0.00303757903265414,-0.000148344863576377
-0.00132631989182591,0.0030367822765912,-0.000153130273861002
-0.0013292922140686,0.00303583028296651,-0.00015767486368299
-0.00133205219699299,0.00303472848034035,-0.000161985679882464
-0.00133460628319589,0.00303348215677154,-0.000166069596538742
-0.00133696075575787,0.0030320964630677,-0.000169933318873812
-0.00133912174186032,0.00303057641596467,-0.000173583387071489
-0.00134109521632423,0.00302892690123611,-0.000177026180014052
-0.00134288700507243,0.00302715267673512,-0.000180267918938094
-0.00134450278851678,0.00302525837536914,-0.000183314671011263
-0.001345948104872,0.00302324850800956,-0.000186172352831581
-0.00134722835339765,0.00302112746633748,-0.000188846733850964
-0.00134834879756965,0.00301889952562698,-0.000191343439724502
-0.0013493145681831,0.00301656884746709,-0.000193667955587121
-0.00135013066638752,0.00301413948242395,-0.000195825629259106
-0.00135080196665618,0.00301161537264433,-0.000197821674381999
-0.00135133321969079,0.0030090003544017,-0.000199661173486359
-0.00135172905526293,0.00300629816058623,-0.000201349080992774
-0.00135199398499365,0.00300351242313976,-0.000202890226147579
-0.0013521324050723,0.00300064667543702,-0.000204289315894638
-0.00135214859891625,0.00299770435461411,-0.000205550937684528
-0.00135204673977234,0.00299468880384561,-0.000206679562222482
-0.00135183089326159,0.00299160327457106,-0.000207679546156312
-0.00135150501986829,0.00298845092867225,-0.000208555134705705
-0.00135107297737451,0.00298523484060212,-0.000209310464233986
-0.00135053852324147,0.00298195799946641,-0.000209949564763673
-0.00134990531693851,0.00297862331105904,-0.000210476362436964
-0.0013491769222212,0.00297523359985223,-0.000210894681922342
-0.0013483568093593,0.00297179161094236,-0.00021120824876842
-0.00134744835731589,0.00296830001195234,-0.000211420691706171
-0.00134645485587851,0.00296476139489168,-0.000211535544900607
-0.00134537950774348,0.002961178277975,-0.000211556250152998
-0.00134422543055436,0.00295755310739991,-0.000211486159054697
-0.00134299565889543,0.0029538882590851,-0.000211328535093536
-0.00134169314624124,0.00295018604036959,-0.000211086555713903
-0.00134032076686321,0.00294644869167383,-0.000210763314331371
-0.00133888131769404,0.00294267838812362,-0.00021036182230293
-0.00133737752015093,0.00293887724113756,-0.000209885010853732
-0.00133581202191852,0.00293504729997878,-0.000209335732961277
-0.00133418739869231,0.00293119055327183,-0.000208716765197944
-0.00133250615588349,0.00292730893048543,-0.000208030809532777
-0.00133077073028592,0.00292340430338173,-0.000207280495093356
-0.00132898349170619,0.00291947848743297,-0.000206468379888652
-0.00132714674455737,0.00291553324320608,-0.000205596952493637
-0.00132526272941744,0.00291157027771604,-0.000204668633696548
-0.00132333362455297,0.00290759124574854,-0.000203685778109514
-0.0013213615474089,0.00290359775115283,-0.000202650675743402
-0.0013193485560651,0.00289959134810506,-0.000201565553547604
-0.00131729665066044,0.00289557354234307,-0.00020043257691553
-0.00131520777478509,0.00289154579237317,-0.000199253851156547
-0.00131308381684164,0.00288750951064929,-0.000198031422935071
-0.00131092661137583,0.00288346606472547,-0.000196767281677522
-0.00130873794037749,0.00287941677838197,-0.000195463360947836
-0.00130651953455225,0.00287536293272569,-0.000194121539792191
-0.0013042730745648,0.00287130576726549,-0.000192743644053641
-0.00130200019225426,0.00286724648096287,-0.000191331447657275
-0.00129970247182207,0.00286318623325864,-0.000189886673866531
-0.00129738145099337,0.00285912614507595,-0.000188410996511327
-0.0012950386221521,0.00285506729980047,-0.00018690604118856
-0.00129267543345052,0.00285101074423784,-0.000185373386435617
-0.00129029328989375,0.00284695748954929,-0.000183814564877447
-0.00128789355439976,0.00284290851216553,-0.000182231064347773
-0.00128547754883544,0.00283886475467972,-0.000180624328985024
-0.00128304655502919,0.00283482712671968,-0.000178995760303481
-0.00128060181576059,0.00283079650580003,-0.000177346718240236
-0.00127814453572762,0.00282677373815459,-0.000175678522178436
-0.00127567588249189,0.00282275963954944,-0.000173992451947362
-0.00127319698740248,0.00281875499607712,-0.000172289748799798
-0.00127070894649864,0.00281476056493245,-0.000170571616367245
-0.00126821282139202,0.00281077707517016,-0.000168839221593408
-0.00126570964012875,0.00280680522844503,-0.000167093695646436
-0.00126320039803186,0.00280284569973458,-0.000165336134810415
-0.00126068605852441,0.00279889913804505,-0.000163567601356498
-0.00125816755393387,0.00279496616710072,-0.000161789124394181
-0.00125564578627793,0.00279104738601718,-0.000160001700703114
-0.00125312162803252,0.00278714336995876,-0.000158206295545877
-0.00125059592288195,0.00278325467078048,-0.000156403843462159
-0.00124806948645199,0.00277938181765498,-0.00015459524904471
-0.00124554310702598,0.00277552531768463,-0.000152781387697493
-0.00124301754624451,0.00277168565649915,-0.000150963106376412
-0.00124049353978893,0.00276786329883919,-0.000149141224312988
-0.00123797179804906,0.00276405868912606,-0.000147316533721369
-0.00123545300677546,0.00276027225201795,-0.000145489800489042
-0.00123293782771666,0.00275650439295291,-0.000143661764851583
-0.00123042689924157,0.00275275549867903,-0.000141833142051814
-0.0012279208369474,0.00274902593777187,-0.0001400046229837
-0.00122542023425355,0.0027453160611396,-0.000138176874821314
-0.00122292566298159,0.00274162620251608,-0.000136350541633231
-0.00122043767392181,0.00273795667894211,-0.000134526244982604
-0.00121795679738647,0.0027343077912352,-0.000132704584513323
-0.00121548354375016,0.00273067982444796,-0.000130886138522482
-0.00121301840397754,0.0027270730483156,-0.000129071464519517
-0.00121056185013865,0.00272348771769249,-0.000127261099772262
-0.00120811433591225,0.00271992407297833,-0.000125455561840251
-0.00120567629707718,0.00271638234053391,-0.00012365534909552
-0.00120324815199224,0.00271286273308688,-0.000121860941231187
-0.00120083030206484,0.00270936545012759,-0.000120072799758104
-0.00119842313220841,0.0027058906782954,-0.000118291368489806
-0.00119602701128918,0.00270243859175546,-0.000116517074016058
-0.00119364229256225,0.00269900935256645,-0.000114750326165213
-0.00119126931409744,0.00269560311103919,-0.000112991518455669
-0.00118890839919492,0.00269222000608655,-0.000111241028536616
-0.00118655985679104,0.00268886016556476,-0.000109499218618375
-0.00118422398185448,0.00268552370660625,-0.000107766435892497
-0.0011819010557729,0.00268221073594442,-0.000106043012941894
-0.00117959134673045,0.00267892135023028,-0.000104329268141202
-0.00117729511007612,0.00267565563634131,-0.000102625506047602
-0.00117501258868341,0.00267241367168266,-0.000100932017782308
-0.00117274401330123,0.00266919552448082,-9.92490814029335e-05
-0.00117048960289644,0.00266600125407009,-9.75769622669359e-05
-0.00116824956498813,0.0026628309111717,-9.59159133863434e-05
-0.0011660240959738,0.00265968453816621,-9.42661757739543e-05
-0.00116381338144771,0.00265656216935884,-9.26279787812022e-05
-0.00116161759651147,0.0026534638312383,-9.10015404278768e-05
-0.00115943690607712,0.00265038954272905,-8.938706772388e-05
-0.00115727146516285,0.00264733931543711,-8.77847569831897e-05
-0.00115512141918148,0.00264431315388983,-8.61947941302193e-05
-0.00115298690422199,0.00264131105576941,-8.46173549987399e-05
-0.00115086804732407,0.00263833301214057,-8.30526056235186e-05
-0.00114876496674602,0.00263537900767238,-8.15007025248654e-05
-0.00114667777222602,0.0026324490208545,-7.99617929862158e-05
-0.00114460656523706,0.00262954302420774,-7.84360153249368e-05
-0.00114255143923549,0.00262666098448937,-7.69234991564845e-05
-0.00114051247990352,0.00262380286289302,-7.54243656520832e-05
-0.00113848976538567,0.0026209686152435,-7.39387277900582e-05
-0.00113648336651942,0.0026181581921865,-7.24666906009749e-05
-0.00113449334706003,0.00261537153937349,-7.10083514067246e-05
-0.00113251976389991,0.00261260859764165,-6.95638000536851e-05
-0.00113056266728235,0.00260986930318922,-6.81331191401082e-05
-0.00112862210101009,0.00260715358774623,-6.67163842378441e-05
-0.00112669810264853,0.00260446137874068,-6.53136641085523e-05
-0.00112479070372386,0.00260179259946049,-6.39250209145093e-05
-0.00112289992991628,0.00259914716921102,-6.2550510424146e-05
-0.00112102580124824,0.00259652500346851,-6.11901822124331e-05
-0.00111916833226804,0.00259392601402939,-5.98440798562279e-05
-0.00111732753222867,0.00259135010915567,-5.8512241124702e-05
-0.00111550340526218,0.00258879719371635,-5.71946981649669e-05
-0.00111369595054953,0.00258626716932515,-5.58914776829966e-05
-0.00111190516248627,0.00258375993447442,-5.46026011199687e-05
-0.00111013103084374,0.00258127538466549,-5.33280848241163e-05
-0.00110837354092635,0.00257881341253553,-5.20679402182061e-05
-0.00110663267372472,0.00257637390798081,-5.08221739627356e-05
-0.00110490840606483,0.0025739567582768,-4.9590788114952e-05
