0.000239045294998248,-1.03417471955707e-05,0.000198048670053786
0.000331523979706168,-1.4101923124703e-05,0.000274612383258163
0.000398173329530366,-1.66402402523198e-05,0.000329754786284957
0.000450863252448959,-1.84974238267252e-05,0.000373317110912509
0.000494304696308853,-1.98917928465184e-05,0.000409206257515311
0.000530972104143299,-2.09398882846617e-05,0.000439474903262945
0.000562370804877259,-2.17137196966788e-05,0.000465372130188793
0.000589505134209845,-2.22620599416422e-05,0.000487731524766567
0.00061308932117776,-2.26201034953071e-05,0.000507146034029079
0.000633655634204477,-2.28144520058018e-05,0.000524057644443729
0.000651615203342613,-2.28659362440261e-05,0.000538807823719735
0.000667294689948938,-2.27913281782114e-05,0.000551667935633703
0.000680959631563608,-2.26044376719491e-05,0.000562858605204694
0.000692829970408371,-2.23168464231571e-05,0.000572562601555383
0.000703090763007199,-2.19384171750745e-05,0.00058093372402076
0.000711899794024286,-2.14776578666079e-05,0.000588103120407385
0.000719393131051786,-2.09419888467754e-05,0.000594183897186906
0.000725689268650599,-2.03379433658547e-05,0.000599274559311676
0.000730892280688677,-1.9671320947898e-05,0.000603461627222122
0.00073509425972457,-1.89473067357334e-05,0.000606821662264752
0.000738377233584146,-1.81705657726203e-05,0.000609422858258041
0.000740814691757779,-1.73453184964987e-05,0.00061132630923505
0.000742472815976126,-1.64754019284845e-05,0.00061258703164888
0.000743411483299083,-1.5564319813215e-05,0.000613254797740331
0.000743685092005542,-1.46152841170243e-05,0.000613374821796091
0.000743343247832186,-1.36312496868554e-05,0.000612988330457135
0.000742431338971006,-1.26149434389174e-05,0.000612133040655185
0.00074099102158275,-1.15688891291985e-05,0.000610843563235388
0.000739060632675047,-1.04954285233739e-05,0.000609151746250652
0.000736675543527442,-9.39673960802207e-06,0.000607086968870429
0.000733868464075166,-8.27485235176746e-06,0.000604676394547814
0.000730669706547928,-7.13166242309501e-06,0.000601945190333081
0.000727107415028884,-5.96894319259788e-06,0.00059891671786787
0.000723207766329164,-4.78835628590815e-06,0.000595612700540466
0.00071899514657722,-3.59146090507425e-06,0.00059205337045567
0.000714492307133743,-2.37972209768823e-06,0.000588257598218182
0.000709720502814701,-1.1545181223649e-06,0.000584243008006877
0.000704699614900517,8.28529656290533e-08,0.000580026079998621
0.000699448261002008,1.33116740479037e-06,0.000575622241861688
0.000693983893522081,2.58927040641021e-06,0.000571045950763904
0.000688322888181399,3.85607134819092e-06,0.000566310767115327
0.000682480623853001,5.13053941949919e-06,0.000561429421080246
0.000676471554766788,6.41169966441793e-06,0.000556413872740196
0.000670309275991375,7.69862937645269e-06,0.000551275366662313
0.00066400658297306,8.99045480514022e-06,0.000546024481521253
0.000657575525804239,1.02863481401262e-05,0.000540671175333679
0.000651027458803344,1.15855247428907e-05,0.000535224826789225
0.000644373085911769,1.28872406001191e-05,0.000529694273098354
0.000637622502348462,1.4190789975989e-05,0.000524087844723568
0.000630785232907366,1.5495503243477e-05,0.00051841339731438
0.00062387026723568,1.68007448771175e-05,0.00051267834112713
0.000616886092390083,1.81059115918679e-05,0.000506889668176985
0.000609840722933223,1.94104306142833e-05,0.000501053977340215
0.000602741728802324,2.07137580740346e-05,0.00049517749759982
0.000595596261155691,2.2015377504888e-05,0.000489266109605715
0.000588411076379986,2.33147984455853e-05,0.000483325365701659
0.000581192558421279,2.46115551320791e-05,0.000477360508554713
0.000573946739585594,2.5905205273391e-05,0.00047137648850845
0.000566679319939243,2.71953289042491e-05,0.000465377979768491
0.000559395685426089,2.84815273082572e-05,0.000459369395517869
0.00055210092480689,2.97634220060628e-05,0.000453354902049821
0.000544799845515581,3.10406538034247e-05,0.000447338431997047
0.000537496988518106,3.23128818946642e-05,0.000441323696728691
0.000530196642251218,3.35797830173214e-05,0.00043531419797964
0.000522902855711444,3.48410506542881e-05,0.000429313238770569
0.0005156194507579,3.60963942799644e-05,0.000423323933671843
0.000508350033686908,3.73455386473687e-05,0.000417349218459572
0.000501098006131178,3.85882231133114e-05,0.000411391859207789
0.000493866575331696,3.98242009990601e-05,0.000405454460856947
0.000486658763826328,4.10532389841073e-05,0.000399539475295334
0.000479477418595378,4.22751165308379e-05,0.000393649208987084
0.000472325219701047,4.3489625338137e-05,0.000387785830177483
0.000465204688454589,4.46965688220473e-05,0.000381951375703867
0.000458118195142414,4.58957616217812e-05,0.000376147757438089
0.000451067966339625,4.70870291295621e-05,0.00037037676838442
0.000444056091837567,4.82702070428077e-05,0.000364640088454964
0.000437084531209597,4.94451409373054e-05,0.000358939289942891
0.000430155120037692,5.06116858602163e-05,0.000353275842712274
0.000423269575820652,5.17697059416529e-05,0.000347651119121941
0.000416429503583178,5.29190740238643e-05,0.000342066398699385
0.000409636401203757,5.40596713069764e-05,0.000336522872579708
0.000402891664477834,5.51913870103876e-05,0.000331021647723403
0.000396196591931791,5.63141180489622e-05,0.000325563750925889
0.000389552389401992,5.74277687232408e-05,0.000320150132630743
0.00038296017439227,5.85322504228716e-05,0.000314781670557775
0.000376420980222282,5.96274813426392e-05,0.000309459173156366
0.000369935759978347,6.07133862103666e-05,0.000304183382893712
0.000363505390277553,6.17898960261465e-05,0.00029895497938708
0.000357130674855326,6.28569478122822e-05,0.000293774582388494
0.000350812347985853,6.39144843734302e-05,0.000288642754629778
0.000344551077744287,6.49624540664423e-05,0.000283560004535375
0.000338347469118988,6.60008105794236e-05,0.000278526788809848
0.000332202066981612,6.70295127195809e-05,0.000273543514906651
0.000326115358922365,6.80485242094208e-05,0.000268610543384168
0.000320087777957251,6.90578134909408e-05,0.000263728190154856
0.0003141197051138,7.00573535374074e-05,0.000258896728632859
0.000308211471901327,7.10471216724021e-05,0.000254116391785125
0.000302363362671446,7.20270993957807e-05,0.000249387374090866
0.000296575616874175,7.29972722162751e-05,0.000244709833413826
0.00029084843121478,7.39576294903861e-05,0.000240083892791596
0.000285181961716072,7.49081642673591e-05,0.000235509642146001
0.000279576325690697,7.58488731399165e-05,0.000230987139918302
0.000274031603627693,7.67797561005435e-05,0.000226516414632824
0.000268547840997314,7.77008164030689e-05,0.000222097466392315
0.000263125049977954,7.86120604293373e-05,0.000217730268308306
0.000257763211108775,7.95134975607234e-05,0.000213414767869413
0.000252462274871423,8.04051400543402e-05,0.000209150888250472
0.000247222163204093,8.12870029237157e-05,0.000204938529565217
0.000242042770950997,8.21591038237474e-05,0.00020077757006503
0.000236923967250118,8.30214629397998e-05,0.000196667867286233
0.000231865596862032,8.38741028807622e-05,0.000192609259148186
0.000226867481442402,8.47170485758873e-05,0.000188601565004424
0.000221929420760612,8.55503271753032e-05,0.000184644586648858
0.000217051193866913,8.63739679540231e-05,0.000180738109279056
0.000212232560210337,8.71880022193557e-05,0.000176881902418468
0.000207473260709454,8.7992463221528e-05,0.000173075720799353
0.000202773018778081,8.87873860674691e-05,0.00016931930520815
0.000198131541307796,8.95728076375743e-05,0.000165612383294868
0.000193548519609142,9.03487665053826e-05,0.00016195467034805
0.000189023630313248,9.1115302860031e-05,0.000158345870036776
0.000184556536235547,9.18724584314043e-05,0.000154785675121093
0.000180146887203168,9.2620276417855e-05,0.000151273768132208
0.00017579432084753,9.33588014164496e-05,0.000147809822023702
0.000171498463363569,9.40880793555797e-05,0.000144393500794999
0.000167258930236995,9.48081574299194e-05,0.000141024460088201
0.000163075326940871,9.55190840376043e-05,0.000137702347759442
0.00015894724960281,9.62209087195748e-05,0.000134426804425775
0.000154874285643941,9.69136821009945e-05,0.000131197463988604
0.000150856014390843,9.7597455834682e-05,0.000128013954134642
0.000146892007661507,9.82722825464662e-05,0.000124875896815287
0.000142981830326375,9.8938215782438e-05,0.000121782908705303
0.000139125040845511,9.95953099579879e-05,0.000118734601641647
0.000135321191782778,0.000100243620308595,0.000115730583043249
0.000131569830298021,0.000100883202842306,0.000112770456312498
0.000127870498618078,0.000101514114293834,0.000109853821219181
0.000124222734487492,0.000102136412080245,0.00010698027426758
0.000120626071599735,0.000102750154258155,0.000104149409047389
0.000117080040009667,0.00010335539948239,0.000101360816569109
0.000113584166528037,0.000103952206966094,9.86140855845373e-05
0.000110137975098692,0.000104540636442183,9.59088028929275e-05
0.00010674098715918,0.000105120748126141,9.32445536334179e-05
0.00010339272198542,0.000105692602680114,9.06209215642468e-05
0.00010009269702102,0.000106256261178217,8.80374893292832e-05
9.68404281919026e-05,0.000106811785073071,8.54938387123892e-05
9.36354302067594e-05,0.000107359236163497,8.2989550880066e-05
9.04772168439205e-05,0.000107898676563329,8.05242066128765e-05
8.73653012251468e-05,0.000108430168671325,7.8097386526056e-05
8.42991960768728e-05,0.000108953775142133,7.57086712797664e-05
8.12784139793774e-05,0.000109469558858274,7.33576417793675e-05
7.83024676043533e-05,0.000109977582903115,7.10438793661298e-05
7.53708699413215e-05,0.0001104779105348,6.87669659987444e-05
7.24831345133385e-05,0.000110970605161115,6.65264844259945e-05
6.96387755824014e-05,0.000111455730315231,6.43220183509379e-05
6.68373083449314e-05,0.000111933349632344,6.21531525869367e-05
6.4078249117771e-05,0.000112403526827126,6.00194732058444e-05
6.136111551501e-05,0.000112866325672022,5.79205676786706e-05
5.86854266160257e-05,0.000113321809976309,5.58560250090094e-05
5.60507031250704e-05,0.000113770043565941,5.38254358595147e-05
5.34564675227378e-05,0.000114211090264126,5.18283926717115e-05
5.0902244209615e-05,0.000114645013872614,4.98644897793838e-05
