0.000912488570965762,-8.28378856918383e-05,0.000311701920768805
0.00126500591995011,-0.00011634990904375,0.000439017754704035
0.00151875637630349,-0.000141490591705603,0.000535453153407468
0.00171912398373968,-0.000162184435666035,0.000615674934462333
0.00188413362737144,-0.000179959670657479,0.00068538507005216
0.00202325948240416,-0.00019560407323898,0.000747517941657356
0.00214226894323786,-0.000209588115225427,0.000803822603921493
0.00224501224772396,-0.000222220125337935,0.00085544256121799
0.00233422892168238,-0.000233715676068956,0.000903174896914861
0.00241196145931708,-0.000244232897835438,0.000947602105568373
0.00247978805378767,-0.000253892184654042,0.000989165640713968
0.0025389629572287,-0.000262787978072469,0.00102820989423727
0.00259050586940675,-0.000270996205573332,0.0010650099613269
0.00263526141950707,-0.000278579184723276,0.00109978995180013
0.00267394020561594,-0.000285588974277195,0.00113273550899587
0.00270714798337903,-0.000292069733706507,0.00116400263060815
0.00273540697043661,-0.000298059427399704,0.00119372404540543
0.0027591717475446,-0.000303591082807677,0.00122201392610052
0.002778841360277,-0.000308693737147224,0.00124897144019963
0.00279476868842916,-0.000313393161766018,0.00127468347096962
0.00280726781120924,-0.000317712424643729,0.00129922673394224
0.00281661987616084,-0.000321672332993147,0.00132266944537806
0.00282307783327593,-0.000325291785658426,0.00134507265340022
0.00282687029612643,-0.000328588056700601,0.00136649131155532
0.0028282047227407,-0.000331577025825472,0.00138697515318353
0.00282727006016276,-0.000334273367274394,0.00140656940995589
0.00282423896162734,-0.00033669070592172,0.00142531540720646
0.00281926965979807,-0.000338841747232328,0.00144325106090949
0.00281250756070696,-0.000340738386202073,0.00146041129543753
0.00280408660898247,-0.000342391799263062,0.00147682839698905
0.00279413046433206,-0.000343812522277916,0.00149253231437619
0.00278275352113545,-0.000345010517096907,0.00150755091643561
0.00277006179674843,-0.000345995228650931,0.00152191021345865
0.00275615370924741,-0.000346775634166637,0.00153563454859438
0.00274112076152252,-0.000347360285787259,0.00154874676404849
0.00272504814560212,-0.000347757347645771,0.00156126834601375
0.00270801527867908,-0.000347974628246933,0.00157321955156207
0.00269009628037404,-0.000348019608865379,0.00158461952016524
0.0026713603992037,-0.000347899468545296,0.00159548637205824
0.00265187239495162,-0.000347621106189546,0.0016058372952928
0.0026316928825957,-0.000347191160146362,0.00161568862303053
0.00261087864259047,-0.000346616025637094,0.00162505590238088
0.00258948290159391,-0.000345901870314206,0.00163395395588832
0.00256755558713879,-0.000345054648195733,0.00164239693660724
0.00254514355925717,-0.000344080112184697,0.00165039837756504
0.00252229082165349,-0.000342983825351849,0.00165797123629883
0.00249903871467388,-0.000341771171135092,0.00166512793505474
0.00247542609202505,-0.000340447362586091,0.0016718803971579
0.00245148948294611,-0.000339017450778281,0.00167824007999221
0.00242726324132305,-0.00033748633247365,0.00168421800497123
0.00240277968305361,-0.00033585875713336,0.00168982478483216
0.00237806921281307,-0.000334139333346102,0.0016950706485423
0.00235316044123655,-0.000332332534738815,0.00169996546407154
0.00232808029341732,-0.000330442705425299,0.00170451875925356
0.00230285410951776,-0.000328474065043011,0.00170873974093092
0.00227750573820364,-0.000326430713420361,0.00171263731255711
0.00225205762353375,-0.000324316634913156,0.00171622009040765
0.00222653088587103,-0.000322135702443492,0.00171949641853555
0.00220094539732191,-0.00031989168127083,0.0017224743825911
0.00217531985215875,-0.000317588232521096,0.00172516182261252
0.00214967183263485,-0.000315228916497743,0.0017275663448825
0.00212401787056149,-0.000312817195794672,0.00172969533293602
0.00209837350497972,-0.000310356438229806,0.00173155595779475
0.00207275333622966,-0.000307849919615515,0.00173315518749666
0.00204717107669016,-0.00030530082638056,0.00173449979598178
0.00202163959843788,-0.000302712258056346,0.00173559637138907
0.00199617097805167,-0.000300087229639588,0.00173645132381401
0.0019707765387686,-0.000297428673841448,0.00173707089257161
0.00194546689017995,-0.000294739443232676,0.00173746115300511
0.00192025196563868,-0.000292022312293126,0.00173762802287715
0.00189514105753662,-0.000289279979373534,0.00173757726837607
0.0018701428505955,-0.000286515068575766,0.0017373145097681
0.00184526545330431,-0.000283730131558389,0.00173684522672196
0.00182051642762581,-0.000280927649272677,0.00173617476333126
0.00179590281708336,-0.000278110033634351,0.00173530833285723
0.00177143117333301,-0.000275279629135257,0.00173425102221216
0.00174710758131515,-0.000272438714399591,0.00173300779620275
0.00172293768307552,-0.000269589503688055,0.00173158350155043
0.00169892670033606,-0.000266734148353461,0.00172998287070435
0.00167507945589235,-0.000263874738251008,0.00172821052546176
0.00165140039390761,-0.000261013303105613,0.00172627098040876
0.00162789359916862,-0.000258151813839504,0.00172416864619377
0.00160456281536378,-0.000255292183862059,0.00172190783264483
0.00158141146244082,-0.000252436270323691,0.00171949275174111
0.0015584426530956,-0.000249585875336594,0.00171692752044804
0.00153565920844182,-0.000246742747163322,0.00171421616342481
0.00151306367290689,-0.000243908581375263,0.00171136261561246
0.00149065832839719,-0.000241085021982463,0.00170837072470979
0.00146844520777225,-0.000238273662536086,0.00170524425354407
0.00144642610766525,-0.000235476047204872,0.00170198688234313
0.00142460260068533,-0.000232693671826689,0.00169860221091426
0.00140297604703398,-0.000229927984936222,0.00169509376073608
0.00138154760556628,-0.000227180388770204,0.00169146497696768
0.00136031824432646,-0.000224452240250427,0.00168771923038044
0.0013392887505844,-0.000221744851945703,0.00168385981921643
0.00131845974039843,-0.000219059493014079,0.0016798899709778
0.00129783166772924,-0.000216397390125007,0.00167581284415068
0.00127740483312652,-0.00021375972836299,0.00167163152986725
0.00125717939201026,-0.000211147652113045,0.00166734905350937
0.00123715536256657,-0.00020856226592856,0.00166296837625665
0.00121733263327704,-0.000206004635382012,0.00165849239658193
0.00119771097009904,-0.000203475787899458,0.00165392395169692
0.00117829002331481,-0.000200976713578502,0.00164926581895027
0.00115906933406418,-0.000198508365991254,0.00164452071718073
0.00114004834057669,-0.000196071662971822,0.00163969130802728
0.00112122638411716,-0.000193667487388989,0.00163478019719856
0.00110260271465816,-0.000191296687904685,0.00162978993570332
0.0010841764962923,-0.000188960079718428,0.00162472302104378
0.00106594681239638,-0.000186658445298051,0.00161958189837373
0.00104791267055864,-0.000184392535096923,0.00161436896162255
0.00103007300728049,-0.000182163068258417,0.00160908655458724
0.0010124266924628,-0.000179970733307333,0.00160373697199337
0.000994972533686238,-0.000177816188829006,0.0015983224605265
0.000977709280295539,-0.000175700064136058,0.00159284521983533
0.000960635627296287,-0.000173622959923188,0.00158730740350768
0.000943750219072475,-0.000171585448910329,0.0015817111200204
0.0009270516529331,-0.000169588076474127,0.00157605843366451
0.000910538482495293,-0.000167631361268262,0.001570351365446
0.000894209220911144,-0.000165715795832539,0.00156459189396399
0.000878062343945305,-0.000163841847191252,0.00155878195626643
0.000862096292909779,-0.000162009957440783,0.00155292344868455
0.00084630947746214,-0.000160220544326637,0.00154701822764688
0.000830700278273284,-0.000158474001810352,0.0015410681104734
0.000815267049570333,-0.000156770700626061,0.00153507487615063
0.000800008121559952,-0.000155110988827266,0.00152904026608839
0.000784921802737534,-0.000153495192323693,0.00152296598485866
0.00077000638208691,-0.000151923615408542,0.00151685370091761
0.000755260131175519,-0.000150396541276377,0.00151070504731067
0.00074068130614938,-0.000148914232531482,0.00150452162236197
0.000726268149632145,-0.000147476931687238,0.001498304990348
0.000712018892532549,-0.00014608486165634,0.0014920566821565
0.000697931755763863,-0.000144738226232286,0.00148577819593074
0.000684004951879222,-0.000143437210561877,0.00147947099769973
0.000670236686626756,-0.000142181981609445,0.00147313652199492
0.000656625160427163,-0.000140972688612264,0.00146677617245355
0.000643168569777775,-0.000139809463527876,0.00146039132240935
0.000629865108585894,-0.000138692421473128,0.00145398331547056
0.000616712969434292,-0.000137621661155048,0.0014475534660862
0.000603710344782011,-0.000136597265293875,0.00144110306010036
0.000590855428103038,-0.00013561930103823,0.00143463335529514
0.000578146414965567,-0.000134687820372474,0.00142814558192263
0.000565581504054172,-0.000133802860516604,0.00142164094322595
0.00055315889813773,-0.00013296444431857,0.00141512061594989
0.000540876804984725,-0.000132172580639284,0.00140858575084132
0.000528733438228995,-0.000131427264730319,0.0014020374731397
0.00051672701818715,-0.000130728478604455,0.00139547688305784
0.000504855772630539,-0.000130076191399361,0.00138890505625327
0.000493117937512917,-0.00012947035973407,0.0013823230442904
0.000481511757656385,-0.000128910928058828,0.0013757318750937
0.000470035487396792,-0.000128397828998194,0.00136913255339216
0.000458687391190926,-0.000127930983687531,0.00136252606115523
0.000447465744186411,-0.000127510302102883,0.00135591335802037
0.000436368832756628,-0.000127135683384624,0.00134929538171249
0.000425394955001619,-0.000126807016154623,0.00134267304845549
0.000414542421216728,-0.000126524178827326,0.00133604725337607
0.000403809554330249,-0.00012628703991458,0.00132941887089978
0.000393194690311414,-0.000126095458324638,0.00132278875513991
0.000382696178550139,-0.000125949283655057,0.00131615774027898
0.000372312382209574,-0.000125848356479817,0.00130952664094319
0.000362041678552714,-0.000125792508630727,0.00130289625256996
