-0.0012215144037833,0.00301520737256704,-1.89979930388834e-05
-0.00122333426419903,0.00301213765580204,-2.58766053571197e-05
-0.00122509359640841,0.00300904455044206,-3.24912623219194e-05
-0.00122679369312377,0.00300592948619924,-3.88493532656636e-05
-0.00122843582201505,0.00300279385217627,-4.4958087062281e-05
-0.00123002122617344,0.00299963899782952,-5.08244962249937e-05
-0.00123155112456668,0.00299646623391102,-5.64554409150753e-05
-0.00123302671248604,0.00299327683338971,-6.18576128634839e-05
-0.00123444916198529,0.00299007203235245,-6.70375392072109e-05
-0.00123581962231171,0.00298685303088506,-7.20015862421379e-05
-0.00123713922032936,0.00298362099393406,-7.67559630941878e-05
-0.00123840906093458,0.0029803770521493,-8.1306725310457e-05
-0.00123963022746407,0.00297712230270801,-8.56597783720589e-05
-0.00124080378209559,0.0029738578101206,-8.98208811302991e-05
-0.00124193076624134,0.00297058460701863,-9.37956491678339e-05
-0.0012430122009342,0.00296730369492529,-9.75895580863695e-05
-0.00124404908720714,0.00296401604500883,-0.000101207946722494
-0.00124504240646551,0.00296072259881925,-0.000104656020293114
-0.0012459931208528,0.00295742426900857,-0.000107938853472037
-0.00124690217360964,0.00295412194003512,-0.000111061393399129
-0.00124777048942633,0.00295081646885215,-0.000114028462623491
-0.00124859897478899,0.00294750868558103,-0.000116844761982039
-0.0012493885183194,0.00294419939416945,-0.000119514873414884
-0.00125013999110867,0.00294088937303498,-0.000122043262718821
-0.0012508542470449,0.00293757937569412,-0.000124434282240281
-0.00125153212313485,0.00293427013137733,-0.000126692173508997
-0.00125217443981971,0.00293096234563028,-0.000128821069813671
-0.00125278200128528,0.0029276567009016,-0.00013082499872085
-0.00125335559576637,0.00292435385711737,-0.000132707884538273
-0.00125389599584572,0.0029210544522428,-0.000134473550723784
-0.00125440395874751,0.00291775910283116,-0.000136125722241069
-0.00125488022662545,0.00291446840456037,-0.000137668027863279
-0.00125532552684573,0.00291118293275754,-0.000139104002425688
-0.00125574057226473,0.00290790324291153,-0.000140437089028466
-0.0012561260615017,0.00290462987117406,-0.000141670641190611
-0.00125648267920651,0.00290136333484935,-0.00014280792495613
-0.00125681109632245,0.00289810413287276,-0.000143852120953443
-0.00125711197034429,0.00289485274627846,-0.000144806326409046
-0.00125738594557163,0.00289160963865655,-0.000145673557116378
-0.00125763365335759,0.00288837525659977,-0.00014645674936089
-0.00125785571235302,0.00288515003013996,-0.00014715876180223
-0.00125805272874619,0.00288193437317468,-0.000147782377314465
-0.00125822529649815,0.00287872868388393,-0.000148330304785244
-0.00125837399757376,0.00287553334513752,-0.000148805180874795
-0.00125849940216853,0.0028723487248929,-0.000149209571735591
-0.00125860206893124,0.00286917517658409,-0.000149545974693563
-0.00125868254518262,0.00286601303950151,-0.000149816819891673
-0.00125874136712988,0.0028628626391631,-0.000150024471896635
-0.00125877906007741,0.00285972428767698,-0.000150171231269612
-0.0012587961386336,0.00285659828409569,-0.000150259336101665
-0.00125879310691389,0.00285348491476219,-0.000150290963514661
-0.00125877045873999,0.00285038445364797,-0.000150268231128477
-0.00125872867783564,0.00284729716268327,-0.000150193198495119
-0.00125866823801863,0.00284422329207963,-0.00015006786850057
-0.00125858960338934,0.00284116308064499,-0.000149894188734999
-0.00125849322851581,0.00283811675609139,-0.000149674052832036
-0.0012583795586155,0.00283508453533562,-0.000149409301777792
-0.00125824902973353,0.00283206662479273,-0.000149101725190264
-0.00125810206891785,0.00282906322066273,-0.000148753062569782
-0.00125793909439104,0.00282607450921062,-0.000148365004521096
-0.00125776051571906,0.00282310066703979,-0.000147939193947759
-0.00125756673397674,0.00282014186135905,-0.000147477227219381
-0.00125735814191048,0.00281719825024333,-0.000146980655312338
-0.00125713512409767,0.00281426998288831,-0.000146450984924548
-0.00125689805710336,0.00281135719985897,-0.000145889679564824
-0.00125664730963402,0.0028084600333323,-0.000145298160617414
-0.00125638324268838,0.00280557860733426,-0.000144677808382228
-0.00125610620970558,0.00280271303797113,-0.000144029963091295
-0.00125581655671057,0.00279986343365536,-0.000143355925901977
-0.00125551462245678,0.00279702989532601,-0.000142656959867434
-0.00125520073856618,0.00279421251666399,-0.000141934290884839
-0.00125487522966679,0.00279141138430212,-0.00014118910862184
-0.00125453841352763,0.00278862657803019,-0.000140422567421735
-0.0012541906011911,0.00278585817099506,-0.000139635787187817
-0.00125383209710306,0.00278310622989601,-0.000138829854247378
-0.00125346319924036,0.00278037081517538,-0.000138005822195768
-0.0012530841992361,0.00277765198120452,-0.000137164712720999
-0.00125269538250251,0.00277494977646542,-0.000136307516409283
-0.00125229702835163,0.00277226424372779,-0.000135435193531935
-0.00125188941011369,0.00276959542022191,-0.000134548674814062
-0.00125147279525325,0.0027669433378073,-0.000133648862185415
-0.00125104744548338,0.00276430802313718,-0.000132736629513812
-0.00125061361687745,0.0027616894978191,-0.000131812823321531
-0.00125017155997906,0.00275908777857144,-0.000130878263485005
-0.00124972151990985,0.00275650287737621,-0.000129933743918227
-0.00124926373647527,0.00275393480162803,-0.000128980033240212
-0.00124879844426846,0.00275138355427946,-0.000128017875426867
-0.00124832587277211,0.00274884913398282,-0.000127047990447608
-0.00124784624645852,0.00274633153522831,-0.000126071074887071
-0.00124735978488773,0.00274383074847892,-0.000125087802552249
-0.0012468667028038,0.00274134676030188,-0.000124098825065358
-0.00124636721022941,0.00273887955349683,-0.000123104772442792
-0.00124586151255857,0.00273642910722082,-0.000122106253660409
-0.00124534981064763,0.00273399539711018,-0.000121103857205523
-0.00124483230090468,0.00273157839539933,-0.000120098151615844
-0.00124430917537716,0.0027291780710366,-0.000119089686005686
-0.00124378062183787,0.0027267943897971,-0.000118078990579724
-0.00124324682386946,0.00272442731439283,-0.000117066577134554
-0.00124270796094717,0.00272207680457985,-0.000116052939548357
-0.00124216420852018,0.00271974281726288,-0.000115038554258927
-0.00124161573809135,0.00271742530659711,-0.000114023880730299
-0.00124106271729551,0.00271512422408753,-0.000113009361908265
-0.0012405053099762,0.00271283951868557,-0.000111995424665016
-0.00123994367626111,0.00271057113688339,-0.000110982480233126
-0.00123937797263597,0.00270831902280565,-0.000109970924629176
-0.00123880835201711,0.00270608311829896,-0.000108961139067179
-0.0012382349638227,0.00270386336301898,-0.000107953490362097
-0.00123765795404251,0.00270165969451528,-0.000106948331323641
-0.00123707746530658,0.00269947204831396,-0.00010594600114058
-0.00123649363695233,0.00269730035799811,-0.000104946825755757
-0.00123590660509066,0.00269514455528619,-0.000103951118232067
-0.00123531650267061,0.00269300457010833,-0.000102959179109545
-0.00123472345954292,0.00269088033068056,-0.000101971296753797
-0.00123412760252234,0.00268877176357718,-0.000100987747695977
-0.00123352905544877,0.0026866787938011,-0.000100008796964465
-0.00123292793924723,0.00268460134485236,-9.90346984084794e-05
-0.00123232437198677,0.00268253933879479,-9.80656950137708e-05
-0.00123171846893813,0.00268049269632092,-9.71020192105933e-05
-0.00123111034263047,0.00267846133681506,-9.61438931741316e-05
-0.00123050010290689,0.00267644517841476,-9.51915291175437e-05
-0.00122988785697897,0.00267444413807052,-9.42451295777981e-05
-0.00122927370948024,0.00267245813160392,-9.33048876944663e-05
-0.0012286577625187,0.00267048707376415,-9.23709874816271e-05
-0.00122804011572822,0.00266853087828299,-9.14436040930446e-05
-0.00122742086631912,0.0026665894579282,-9.052290408078e-05
-0.00122680010912767,0.00266466272455555,-8.96090456473703e-05
-0.00122617793666464,0.00266275058915935,-8.87021788917407e-05
-0.00122555443916306,0.00266085296192146,-8.7802446048979e-05
-0.00122492970462492,0.00265896975225912,-8.69099817241211e-05
-0.00122430381886704,0.00265710086887126,-8.60249131200897e-05
-0.00122367686556611,0.00265524621978363,-8.51473602599061e-05
-0.00122304892630278,0.0026534057123925,-8.42774362033232e-05
-0.00122242008060496,0.00265157925350723,-8.34152472579961e-05
-0.0012217904059903,0.00264976674939157,-8.25608931853246e-05
-0.00122115997800783,0.00264796810580379,-8.17144674010903e-05
-0.00122052887027882,0.00264618322803556,-8.08760571709979e-05
-0.00121989715453685,0.00264441202094982,-8.00457438012596e-05
-0.00121926490066711,0.00264265438901744,-7.92236028243143e-05
-0.00121863217674495,0.00264091023635285,-7.84097041798157e-05
-0.00121799904907368,0.00263917946674859,-7.76041123909793e-05
-0.00121736558222167,0.00263746198370882,-7.68068867364191e-05
-0.00121673183905869,0.00263575769048188,-7.6018081417556e-05
-0.00121609788079162,0.00263406649009176,-7.52377457217168e-05
-0.00121546376699937,0.00263238828536876,-7.44659241810254e-05
-0.00121482955566726,0.00263072297897906,-7.37026567271669e-05
-0.00121419530322058,0.00262907047345349,-7.29479788421486e-05
-0.00121356106455766,0.00262743067121536,-7.22019217051254e-05
-0.00121292689308219,0.00262580347460745,-7.14645123354013e-05
-0.00121229284073492,0.00262418878591811,-7.07357737316852e-05
-0.00121165895802486,0.00262258650740661,-7.00157250076978e-05
-0.0012110252940597,0.00262099654132757,-6.93043815242115e-05
-0.00121039189657581,0.00261941878995474,-6.86017550176037e-05
-0.0012097588119675,0.00261785315560392,-6.7907853725014e-05
-0.00120912608531587,0.00261629954065516,-6.72226825061823e-05
-0.00120849376041697,0.00261475784757423,-6.65462429620449e-05
-0.00120786187980947,0.00261322797893339,-6.58785335501691e-05
-0.00120723048480179,0.00261170983743148,-6.52195496970942e-05
-0.00120659961549869,0.00261020332591329,-6.456928390767e-05
-0.00120596931082735,0.0026087083473883,-6.39277258714381e-05
-0.00120533960856293,0.00260722480504883,-6.3294862566152e-05
