-0.00121954301922121,0.00302856272065155,-1.41857555809427e-05
-0.00121941477497308,0.00303823169578707,-1.64485298464531e-05
-0.00121924907882045,0.00304727886404734,-1.86379879358022e-05
-0.00121904702145241,0.00305572343621223,-2.07559051691632e-05
-0.00121880967007745,0.00306358413615226,-2.28040192019605e-05
-0.00121853806887585,0.00307087921209638,-2.47840307766541e-05
-0.00121823323944373,0.00307762644765208,-2.66976044599718e-05
-0.00121789618122891,0.00308384317258302,-2.85463693658537e-05
-0.00121752787195884,0.00308954627334948,-3.03319198643871e-05
-0.00121712926806065,0.00309475220341646,-3.20558162769933e-05
-0.00121670130507348,0.00309947699333463,-3.37195855581429e-05
-0.00121624489805321,0.00310373626059876,-3.53247219638317e-05
-0.00121576094196974,0.00310754521928852,-3.68726877070962e-05
-0.00121525031209706,0.00311091868949621,-3.83649136007969e-05
-0.00121471386439599,0.003113871106546,-3.98027996879245e-05
-0.00121415243588997,0.00311641653000912,-4.11877158596562e-05
-0.00121356684503389,0.00311856865251935,-4.25210024614174e-05
-0.00121295789207614,0.00312034080839317,-4.38039708871335e-05
-0.00121232635941397,0.00312174598205854,-4.50379041619633e-05
-0.00121167301194228,0.00312279681629669,-4.62240575136572e-05
-0.00121099859739601,0.0031235056203006,-4.73636589328448e-05
-0.00121030384668615,0.00312388437755446,-4.84579097223632e-05
-0.00120958947422956,0.00312394475353756,-4.95079850359374e-05
-0.00120885617827277,0.00312369810325677,-5.05150344063296e-05
-0.00120810464120961,0.00312315547861089,-5.14801822632238e-05
-0.00120733552989319,0.00312232763559081,-5.24045284410014e-05
-0.00120654949594186,0.00312122504131886,-5.32891486766148e-05
-0.00120574717603972,0.00311985788093079,-5.41350950977486e-05
-0.0012049291922314,0.00311823606430378,-5.49433967014674e-05
-0.00120409615221146,0.00311636923263386,-5.57150598234953e-05
-0.00120324864960839,0.00311426676486592,-5.64510685983526e-05
-0.00120238726426331,0.00311193778397946,-5.71523854104884e-05
-0.00120151256250354,0.0031093911631333,-5.78199513366004e-05
-0.00120062509741106,0.00310663553167212,-5.84546865793111e-05
-0.00119972540908595,0.00310367928099802,-5.90574908923469e-05
-0.00119881402490499,0.00310053057030979,-5.96292439974088e-05
-0.00119789145977537,0.00309719733221302,-6.0170805992882e-05
-0.00119695821638376,0.00309368727820349,-6.06830177545361e-05
-0.0011960147854406,0.00309000790402698,-6.11667013283758e-05
-0.00119506164592,0.00308616649491783,-6.16226603157799e-05
-0.00119409926529502,0.00308217013071906,-6.20516802511251e-05
-0.00119312809976864,0.00307802569088664,-6.24545289719538e-05
-0.00119214859450039,0.00307373985938026,-6.28319569819077e-05
-0.00119116118382869,0.00306931912944321,-6.31846978065262e-05
-0.00119016629148912,0.00306476980827378,-6.3513468342056e-05
-0.00118916433082855,0.00306009802159038,-6.38189691974025e-05
-0.00118815570501525,0.00305530971809291,-6.41018850293749e-05
-0.00118714080724507,0.00305041067382242,-6.43628848713099e-05
-0.00118612002094377,0.0030454064964215,-6.46026224552436e-05
-0.00118509371996552,0.00304030262929732,-6.48217365277571e-05
-0.00118406226878773,0.00303510435568967,-6.50208511595558e-05
-0.00118302602270207,0.00302981680264586,-6.52005760490057e-05
-0.00118198532800213,0.00302444494490476,-6.53615068196359e-05
-0.00118094052216733,0.00301899360869168,-6.55042253117991e-05
-0.00117989193404347,0.00301346747542631,-6.5629299868573e-05
-0.00117883988401986,0.00300787108534537,-6.5737285616013e-05
-0.00117778468420312,0.00300220884104208,-6.58287247378664e-05
-0.00117672663858765,0.00299648501092409,-6.5904146744864e-05
-0.00117566604322295,0.00299070373259173,-6.59640687386895e-05
-0.00117460318637771,0.00298486901613833,-6.60089956707158e-05
-0.00117353834870085,0.00297898474737431,-6.60394205956237e-05
-0.00117247180337944,0.00297305469097671,-6.60558249200091e-05
-0.00117140381629373,0.0029670824935658,-6.60586786460446e-05
-0.00117033464616914,0.00296107168671037,-6.60484406103325e-05
-0.00116926454472544,0.00295502568986332,-6.60255587180026e-05
-0.00116819375682302,0.00294894781322899,-6.59904701721742e-05
-0.00116712252060647,0.00294284126056382,-6.59436016988573e-05
-0.00116605106764535,0.00293670913191175,-6.58853697673893e-05
-0.00116497962307233,0.00293055442627587,-6.58161808064863e-05
-0.00116390840571867,0.00292438004422767,-6.57364314160024e-05
-0.00116283762824712,0.00291818879045528,-6.56465085744652e-05
-0.00116176749728232,0.00291198337625205,-6.55467898424904e-05
-0.00116069821353865,0.00290576642194685,-6.54376435621441e-05
-0.00115962997194566,0.00289954045927725,-6.53194290523139e-05
-0.00115856296177113,0.002893307933707,-6.51924968002015e-05
-0.00115749736674174,0.00288707120668897,-6.50571886489907e-05
-0.00115643336516143,0.00288083255787471,-6.49138379817562e-05
-0.00115537113002749,0.00287459418727191,-6.47627699017134e-05
-0.00115431082914443,0.00286835821735094,-6.46043014088494e-05
-0.00115325262523567,0.00286212669510142,-6.44387415730322e-05
-0.00115219667605306,0.00285590159404018,-6.42663917036485e-05
-0.00115114313448428,0.0028496848161715,-6.40875455158403e-05
-0.00115009214865825,0.00284347819390084,-6.39024892934227e-05
-0.00114904386204836,0.00283728349190293,-6.3711502048518e-05
-0.00114799841357386,0.00283110240894549,-6.35148556779906e-05
-0.00114695593769923,0.00282493657966922,-6.33128151167521e-05
-0.00114591656453157,0.00281878757632548,-6.31056384879676e-05
-0.00114488041991621,0.00281265691047219,-6.28935772502542e-05
-0.00114384762553037,0.00280654603462913,-6.26768763419122e-05
-0.00114281829897509,0.00280045634389356,-6.24557743222518e-05
-0.0011417925538653,0.00279438917751684,-6.22305035100699e-05
-0.00114077049991816,0.00278834582044325,-6.20012901193499e-05
-0.00113975224303977,0.00278232750481152,-6.17683543921943e-05
-0.00113873788540997,0.00277633541142016,-6.1531910729099e-05
-0.0011377275255658,0.00277037067115737,-6.12921678165844e-05
-0.00113672125848299,0.00276443436639616,-6.10493287522447e-05
-0.00113571917565616,0.00275852753235567,-6.08035911672712e-05
-0.00113472136517726,0.00275265115842937,-6.05551473464872e-05
-0.00113372791181251,0.00274680618948088,-6.03041843459571e-05
-0.00113273889707789,0.00274099352710814,-6.00508841082068e-05
-0.00113175439931309,0.00273521403087671,-5.9795423575105e-05
-0.00113077449375405,0.00272946851952282,-5.95379747984495e-05
-0.00112979925260402,0.00272375777212694,-5.92787050483154e-05
-0.00112882874510327,0.00271808252925843,-5.9017776919178e-05
-0.00112786303759738,0.00271244349409208,-5.87553484339053e-05
-0.00112690219360425,0.00270684133349701,-5.84915731455965e-05
-0.0011259462738797,0.00270127667909873,-5.82266002373725e-05
-0.00112499533648183,0.00269575012831485,-5.79605746201119e-05
-0.00112404943683409,0.00269026224536511,-5.76936370282006e-05
-0.00112310862778709,0.00268481356225619,-5.74259241133116e-05
-0.00112217295967919,0.00267940457974221,-5.71575685362821e-05
-0.00112124248039589,0.00267403576826101,-5.68886990570945e-05
-0.00112031723542801,0.00266870756884713,-5.66194406230175e-05
-0.00111939726792875,0.0026634203940219,-5.6349914454943e-05
-0.0011184826187696,0.00265817462866114,-5.60802381319454e-05
-0.00111757332659507,0.00265297063084103,-5.5810525674101e-05
-0.00111666942787642,0.00264780873266262,-5.55408876236088e-05
-0.00111577095696427,0.00264268924105558,-5.52714311242376e-05
-0.00111487794614013,0.00263761243856144,-5.50022599991386e-05
-0.00111399042566692,0.0026325785840971,-5.47334748270447e-05
-0.00111310842383848,0.00262758791369873,-5.44651730169092e-05
-0.00111223196702805,0.00262264064124689,-5.41974488809894e-05
-0.0011113610797358,0.00261773695917298,-5.39303937064241e-05
-0.0011104957846354,0.00261287703914758,-5.36640958253281e-05
-0.00110963610261962,0.00260806103275119,-5.33986406834342e-05
-0.00110878205284501,0.00260328907212761,-5.31341109073067e-05
-0.00110793365277571,0.00259856127062057,-5.28705863701653e-05
-0.00110709091822633,0.0025938777233937,-5.26081442563335e-05
-0.00110625386340395,0.0025892385080346,-5.23468591243474e-05
-0.00110542250094929,0.0025846436851431,-5.20868029687553e-05
-0.00110459684197705,0.00258009329890421,-5.18280452806168e-05
-0.00110377689611537,0.00257558737764606,-5.15706531067505e-05
-0.00110296267154451,0.00257112593438325,-5.13146911077323e-05
-0.00110215417503475,0.00256670896734588,-5.10602216146879e-05
-0.00110135141198351,0.00256233646049471,-5.08073046848929e-05
-0.00110055438645164,0.00255800838402256,-5.05559981562016e-05
-0.00109976310119909,0.00255372469484255,-5.03063577003431e-05
-0.00109897755771966,0.00254948533706338,-5.00584368750845e-05
-0.00109819775627526,0.00254529024245175,-4.98122871753093e-05
-0.00109742369592919,0.00254113933088262,-4.95679580830061e-05
-0.00109665537457899,0.00253703251077731,-4.93254971162136e-05
-0.0010958927889884,0.00253296967952978,-4.90849498769244e-05
-0.00109513593481878,0.00252895072392147,-4.88463600979777e-05
-0.00109438480665982,0.00252497552052487,-4.86097696889634e-05
-0.00109363939805961,0.00252104393609616,-4.83752187811432e-05
-0.00109289970155406,0.00251715582795709,-4.8142745771428e-05
-0.00109216570869578,0.00251331104436651,-4.7912387365413e-05
-0.00109143741008225,0.00250950942488161,-4.76841786195011e-05
-0.00109071479538344,0.00250575080070931,-4.74581529821262e-05
-0.00108999785336888,0.00250203499504792,-4.72343423340972e-05
-0.00108928657193404,0.00249836182341922,-4.70127770280822e-05
-0.00108858093812636,0.0024947310939915,-4.67934859272429e-05
-0.00108788093817045,0.00249114260789343,-4.6576496443044e-05
-0.00108718655749299,0.00248759615951917,-4.6361834572252e-05
-0.00108649778074698,0.00248409153682494,-4.6149524933135e-05
-0.00108581459183548,0.00248062852161715,-4.59395908008898e-05
-0.00108513697393483,0.00247720688983242,-4.57320541422967e-05
-0.00108446490951746,0.0024738264118096,-4.55269356496341e-05
-0.00108379838037408,0.00247048685255401,-4.53242547738568e-05
-0.00108313736763544,0.00246718797199412,-4.51240297570547e-05
