-4.86621171151621e-05,-3.86503759569224e-05,-6.13931200523783e-05
-6.81106913316807e-05,-5.30705082444594e-05,-8.57257605074448e-05
-8.25643787507057e-05,-6.30932353663237e-05,-0.000103672262076206
-9.43661617014234e-05,-7.07020751558412e-05,-0.000118213347159546
-0.000104435416212081,-7.6693710338933e-05,-0.00013052240824192
-0.000113249715823967,-8.14914194987056e-05,-0.000141210910607856
-0.000121096416568141,-8.53555718166659e-05,-0.000150647940935513
-0.000128165167046623,-8.84617439792563e-05,-0.000159077854342786
-0.000134589401443057,-9.0936075117547e-05,-0.000166673107105949
-0.000140467525122003,-9.28734812157911e-05,-0.000173561265702071
-0.000145874777568423,-9.43479464872528e-05,-0.000179840149722019
-0.000150870353129258,-9.54187569286924e-05,-0.000185586933129965
-0.000155501914188174,-9.61344873883595e-05,-0.000190863920294166
-0.000159808579805488,-9.6535666234089e-05,-0.000195722376040853
-0.00016382297759473,-9.66566218957885e-05,-0.000200205158830789
-0.000167572695807364,-9.65268019754525e-05,-0.000204348586847193
-0.000171081337827452,-9.61717403167269e-05,-0.000208183795090271
-0.000174369305180404,-9.56137820205738e-05,-0.000211737744565317
-0.000177454390346462,-9.48726376990381e-05,-0.000215033987487239
-0.000180352233307416,-9.39658145240855e-05,-0.000218093257498741
-0.000183076678514284,-9.29089566041587e-05,-0.000220933931878615
-0.000185640057795869,-9.1716117444076e-05,-0.000223572398443337
-0.000188053417314893,-9.03999807238385e-05,-0.000226023350364164
-0.00019032670164867,-8.89720411878078e-05,-0.000228300025685099
-0.000192468904591239,-8.74427543463942e-05,-0.000230414403870448
-0.00019448819382271,-8.58216615066176e-05,-0.00023237736856967
-0.000196392014837605,-8.41174950761877e-05,-0.000234198843537836
-0.000198187178249643,-8.23382679388283e-05,-0.000235887907014898
-0.000199879933652707,-8.04913498504604e-05,-0.000237452888662834
-0.000201476032518672,-7.85835331706651e-05,-0.00023890145226129
-0.000202980782085873,-7.66210897628995e-05,-0.000240240666684987
-0.000204399091790564,-7.46098205286758e-05,-0.000241477067169439
-0.000205735513484886,-7.2555098756386e-05,-0.000242616708473891
-0.000206994276445116,-7.04619082433558e-05,-0.000243665211241425
-0.000208179317986195,-6.83348769751211e-05,-0.000244627802613974
-0.000209294310350339,-6.61783070073207e-05,-0.00024550935196883
-0.000210342684419767,-6.39962010849406e-05,-0.00024631440249094
-0.000211327650709091,-6.17922864445893e-05,-0.000247047199173397
-0.000212252218016957,-5.95700361733031e-05,-0.000247711713740052
-0.000213119210054782,-5.73326884385749e-05,-0.000248311666904376
-0.000213931280320026,-5.50832638561248e-05,-0.000248850548313376
-0.00021469092544024,-5.28245812220844e-05,-0.000249331634471897
-0.000215400497179948,-5.0559271803424e-05,-0.000249758004898365
-0.000216062213274224,-4.82897923528908e-05,-0.000250132556726372
-0.00021667816722932,-4.60184369917928e-05,-0.00025045801793588
-0.000217250337210941,-4.37473480846592e-05,-0.000250736959372288
-0.000217780594124298,-4.14785262134124e-05,-0.000250971805689981
-0.000218270708976034,-3.92138393449313e-05,-0.000251164845338829
-0.000218722359596368,-3.69550312740224e-05,-0.00025131823969671
-0.000219137136789666,-3.47037294138027e-05,-0.00025143403143793
-0.000219516549973168,-3.24614519967873e-05,-0.000251514152216277
-0.00021986203235611,-3.02296147426509e-05,-0.000251560429731768
-0.000220174945705295,-2.80095370420524e-05,-0.000251574594241954
-0.000220456584737676,-2.58024477005022e-05,-0.000251558284571453
-0.000220708181175785,-2.36094902813125e-05,-0.00025151305366725
-0.000220930907497783,-2.14317280824859e-05,-0.000251440373741936
-0.000221125880410384,-1.92701487787346e-05,-0.000251341641042389
-0.000221294164069754,-1.71256687565634e-05,-0.000251218180277374
-0.000221436773072845,-1.49991371675064e-05,-0.000251071248733888
-0.000221554675239196,-1.28913397221551e-05,-0.000250902040109089
-0.000221648794201221,-1.08030022453426e-05,-0.000250711688081755
-0.000221720011819064,-8.73479401093295e-06,-0.00025050126964493
-0.000221769170434629,-6.68733087293448e-06,-0.00025027180821916
-0.000221797074977806,-4.66117820806532e-06,-0.000250024276563938
-0.00022180449493677,-2.65685368359161e-06,-0.000249759599503202
-0.000221792166203026,-6.74829862970701e-07,-0.000249478656479298
-0.000221760792800917,1.28446333923059e-06,-0.000249182283948462
-0.000221711048510376,3.22063634268212e-06,-0.000248871277629695
-0.000221643578390957,5.13333771730848e-06,-0.000248546394617834
-0.000221559000214378,7.02225212118241e-06,-0.000248208355370687
-0.000221457905812292,8.88709835224709e-06,-0.000247857845579222
-0.000221340862345309,1.07276275064259e-05,-0.000247495517929044
-0.000221208413498839,1.25436212352931e-05,-0.000247121993760722
-0.000221061080610841,1.43348900970054e-05,-0.000246737864635843
-0.000220899363736133,1.61012719946751e-05,-0.000246343693815194
-0.00022072374265157,1.78426306968088e-05,-0.00024594001765486
-0.000220534677806001,1.95588544348325e-05,-0.000245527346925682
-0.000220332611218657,2.12498545730749e-05,-0.000245106168060962
-0.000220117967329284,2.29155643469547e-05,-0.000244676944337048
-0.000219891153803145,2.4555937665365e-05,-0.000244240116991016
-0.000219652562293702,2.61709479735794e-05,-0.000243796106279327
-0.000219402569165631,2.77605871732081e-05,-0.00024334531248115
-0.000219141536180625,2.93248645960437e-05,-0.000242888116849642
-0.000218869811148214,3.08638060287335e-05,-0.000242424882514346
-0.000218587728543736,3.23774527855475e-05,-0.000241955955337611
-0.000218295610095379,3.38658608265979e-05,-0.000241481664727674
-0.00021799376534213,3.53290999190605e-05,-0.00024100232441099
-0.000217682492164307,3.67672528391235e-05,-0.000240518233166068
-0.00021736207728823,3.81804146125208e-05,-0.000240029675521069
-0.000217032796766527,3.95686917916207e-05,-0.000239536922417134
-0.000216694916435418,4.0932201767192e-05,-0.00023904023183938
-0.00021634869235026,4.22710721130773e-05,-0.000238539849417325
-0.000215994371200541,4.35854399620885e-05,-0.000238036008996436
-0.000215632190705441,4.48754514115884e-05,-0.00023752893318229
-0.000215262379991018,4.61412609572146e-05,-0.000237018833858892
-0.000214885159949967,4.73830309534453e-05,-0.000236505912682437
-0.000214500743584899,4.86009310996026e-05,-0.000235990361551877
-0.000214109336335976,4.9795137950116e-05,-0.000235472363057431
-0.00021371113639374,5.09658344478475e-05,-0.000234952090908222
-0.000213306334997858,5.211320947938e-05,-0.000234429710340076
-0.000212895116722525,5.3237457451215e-05,-0.000233905378504514
-0.000212477659749192,5.43387778859123e-05,-0.000233379244839853
-0.000212054136127229,5.54173750372214e-05,-0.000232851451425336
-0.000211624712023162,5.6473457523304e-05,-0.000232322133319105
-0.000211189547958998,5.75072379772396e-05,-0.000231791418880835
-0.000210748799040193,5.85189327139944e-05,-0.000231259430079749
-0.000210302615173777,5.95087614131096e-05,-0.000230726282788749
-0.000209851141277059,6.04769468163886e-05,-0.000230192087065318
-0.000209394517477416,6.14237144399043e-05,-0.00022965694741981
-0.000208932879303551,6.23492922996705e-05,-0.000229120963071766
-0.000208466357868624,6.32539106503906e-05,-0.000228584228194768
-0.000207995080045644,6.41378017366633e-05,-0.00022804683215042
-0.000207519168635467,6.50011995561233e-05,-0.00022750885971192
-0.000207038742527761,6.58443396339635e-05,-0.000226970391277743
-0.000206553916855212,6.66674588083482e-05,-0.000226431503075844
-0.000206064803141341,6.74707950262424e-05,-0.000225892267358868
-0.000205571509442163,6.82545871491855e-05,-0.000225352752590738
-0.000205074140481985,6.90190747685976e-05,-0.000224813023625025
-0.000204572797783622,6.97644980301727e-05,-0.000224273141875478
-0.000204067579793231,7.04910974669959e-05,-0.000223733165479047
-0.000203558582000052,7.11991138409869e-05,-0.000223193149451759
-0.000203045897051238,7.18887879923134e-05,-0.000222653145837737
-0.000202529614861998,7.25603606964406e-05,-0.000222113203851697
-0.000202009822721284,7.32140725284714e-05,-0.000221573370015186
-0.000201486605393151,7.38501637344855e-05,-0.000221033688286847
-0.00020096004521405,7.4468874109556e-05,-0.000220494200186963
-0.000200430222186157,7.50704428821762e-05,-0.000219954944916553
-0.000199897214066964,7.56551086048065e-05,-0.000219415959471226
-0.000199361096455245,7.62231090502998e-05,-0.000218877278750044
-0.000198821942873577,7.67746811139322e-05,-0.000218338935659594
-0.000198279824847548,7.7310060720818e-05,-0.000217800961213486
-0.000197734811981788,7.78294827384708e-05,-0.000217263384627471
-0.000197186972032967,7.83331808942983e-05,-0.000216726233410361
-0.000196636370979864,7.88213876978042e-05,-0.000216189533450937
-0.000196083073090658,7.92943343673281e-05,-0.000215653309101007
-0.000195527140987507,7.97522507610964e-05,-0.000215117583254795
-0.000194968635708596,8.01953653124243e-05,-0.000214582377424798
-0.000194407616767679,8.06239049688737e-05,-0.000214047711814263
-0.000193844142211263,8.10380951352177e-05,-0.000213513605386449
-0.000193278268673544,8.14381596200358e-05,-0.000212980075930769
-0.000192710051429119,8.18243205857852e-05,-0.000212447140125989
-0.000192139544443648,8.2196798502204e-05,-0.000211914813600571
-0.000191566800422468,8.25558121029033e-05,-0.000211383110990297
-0.000190991870857304,8.29015783450056e-05,-0.000210852045993293
-0.000190414806071122,8.32343123717049e-05,-0.000210321631422544
-0.000189835655261185,8.35542274776154e-05,-0.000209791879256026
-0.00018925446654043,8.38615350767977e-05,-0.000209262800684531
-0.00018867128697718,8.41564446733324e-05,-0.000208734406157307
-0.000188086162633284,8.4439163834349e-05,-0.00020820670542559
-0.000187499138600754,8.47098981653776e-05,-0.000207679707584107
-0.000186910259036936,8.49688512879471e-05,-0.000207153421110663
-0.000186319567198285,8.52162248193191e-05,-0.000206627853903857
-0.0001857271054728,8.54522183542527e-05,-0.000206103013319036
-0.000185132915411161,8.56770294487337e-05,-0.000205578906202544
-0.000184537037756643,8.58908536055597e-05,-0.000205055538924334
-0.000183939512473812,8.60938842617069e-05,-0.000204532917409031
-0.000183340378776098,8.6286312777399e-05,-0.000204011047165483
-0.000182739675152261,8.6468328426795e-05,-0.00020348993331489
-0.000182137439391785,8.66401183902322e-05,-0.000202969580617554
-0.000181533708609279,8.68018677479367e-05,-0.000202449993498312
