-0.00123237775244669,0.00302571819993848,-1.56903347190797e-05
-0.00124457924013751,0.00303272961659701,-1.94403175497437e-05
-0.00125625223248188,0.00303929987836562,-2.3099763894668e-05
-0.00126741144130497,0.00304544205604233,-2.66705981825641e-05
-0.00127807122582441,0.00305116889966667,-3.01547060308461e-05
-0.00128824560052039,0.00305649284576297,-3.35539350056757e-05
-0.00129794824283706,0.00306142602442716,-3.68700953674021e-05
-0.00130719250071865,0.00306598026626059,-4.01049608016499e-05
-0.00131599139998399,0.00307016710915399,-4.32602691363499e-05
-0.00132435765154252,0.00307399780492472,-4.63377230449582e-05
-0.00133230365845543,0.00307748332581037,-4.93389907361524e-05
-0.00133984152284481,0.00308063437082177,-5.22657066302307e-05
-0.00134698305265431,0.00308346137195843,-5.51194720224991e-05
-0.00135373976826425,0.00308597450028912,-5.7901855733869e-05
-0.00136012290896426,0.00308818367190058,-6.06143947489242e-05
-0.0013661434392864,0.00309009855371713,-6.3258594841685e-05
-0.00137181205520181,0.00309172856919378,-6.58359311893233e-05
-0.00137713919018363,0.0030930829038857,-6.8347848974014e-05
-0.00138213502113895,0.00309417051089644,-7.07957639732204e-05
-0.00138680947421278,0.00309500011620761,-7.3181063138543e-05
-0.00139117223046644,0.00309558022389248,-7.55051051634548e-05
-0.00139523273143319,0.00309591912121594,-7.77692210400206e-05
-0.00139900018455361,0.00309602488362318,-7.99747146049177e-05
-0.0014024835684933,0.00309590537961957,-8.21228630748756e-05
-0.00140569163834529,0.00309556827554389,-8.42149175718001e-05
-0.00140863293071973,0.00309502104023725,-8.62521036377367e-05
-0.00141131576872309,0.00309427094960987,-8.82356217398861e-05
-0.00141374826682925,0.00309332509110798,-9.0166647765853e-05
-0.00141593833564481,0.00309219036808272,-9.2046333509333e-05
-0.00141789368657074,0.00309087350406348,-9.38758071463877e-05
-0.00141962183636271,0.00308938104693731,-9.56561737025191e-05
-0.00142113011159202,0.00308771937303666,-9.73885155107019e-05
-0.00142242565300947,0.00308589469113736,-9.90738926605448e-05
-0.00142351541981406,0.00308391304636864,-0.00010071334343877
-0.00142440619382852,0.00308178032403711,-0.000102307884761141
-0.00142510458358382,0.00307950225336658,-0.000103858512596042
-0.00142561702831433,0.00307708441115546,-0.00010536620237984
-0.00142594980186572,0.00307453222535349,-0.000106831909424202
-0.00142610901651734,0.00307185097855954,-0.000108256569315509
-0.00142610062672098,0.00306904581144213,-0.000109641098306516
-0.00142593043275763,0.00306612172608433,-0.000110986393700448
-0.00142560408431423,0.00306308358925473,-0.000112293334227602
-0.00142512708398175,0.00305993613560586,-0.000113562780414662
-0.00142450479067665,0.00305668397080185,-0.000114795574946836
-0.00142374242298708,0.00305333157457664,-0.000115992543022968
-0.00142284506244549,0.00304988330372438,-0.000117154492703735
-0.00142181765672934,0.0030463433950233,-0.000118282215253104
-0.00142066502279116,0.00304271596809466,-0.000119376485473123
-0.00141939184991975,0.00303900502819806,-0.000120438062032209
-0.00141800270273388,0.00303521446896441,-0.00012146768778708
-0.00141650202410979,0.00303134807506807,-0.000122466090098367
-0.00141489413804415,0.00302740952483935,-0.000123433981140146
-0.00141318325245364,0.00302340239281862,-0.000124372058203398
-0.00141137346191267,0.00301933015225336,-0.000125281003993574
-0.0014094687503304,0.00301519617753937,-0.000126161486922373
-0.00140747299356846,0.00301100374660726,-0.000127014161393819
-0.00140538996200064,0.0030067560432555,-0.000127839668084769
-0.00140322332301573,0.00300245615943109,-0.000128638634219947
-0.00140097664346476,0.00299810709745904,-0.000129411673841629
-0.00139865339205383,0.00299371177222177,-0.000130159388074037
-0.00139625694168367,0.00298927301328934,-0.000130882365382597
-0.00139379057173714,0.00298479356700192,-0.000131581181828124
-0.00139125747031568,0.00298027609850512,-0.000132256401316049
-0.00138866073642587,0.00297572319373952,-0.000132908575840765
-0.0013860033821172,0.00297113736138521,-0.00013353824572521
-0.00138328833457199,0.00296652103476235,-0.000134145939855761
-0.00138051843814863,0.00296187657368875,-0.000134732175912524
-0.00137769645637899,0.00295720626629538,-0.000135297460595142
-0.0013748250739211,0.00295251233080064,-0.000135842289844155
-0.00137190689846805,0.00294779691724443,-0.000136367149058049
-0.00136894446261398,0.00294306210918272,-0.000136872513306038
-0.00136594022567812,0.00293830992534366,-0.000137358847536685
-0.00136289657548789,0.00293354232124591,-0.000137826606782443
-0.00135981583012168,0.00292876119078008,-0.000138276236360156
-0.00135670023961253,0.0029239683677541,-0.00013870817206766
-0.00135355198761322,0.00291916562740326,-0.000139122840376508
-0.00135037319302386,0.0029143546878657,-0.000139520658620917
-0.00134716591158259,0.00290953721162409,-0.000139902035183004
-0.00134393213742039,0.00290471480691434,-0.000140267369674383
-0.00134067380458055,0.00289988902910187,-0.000140617053114194
-0.00133739278850376,0.0028950613820263,-0.000140951468103632
-0.0013340909074795,0.00289023331931522,-0.00014127098899704
-0.00133076992406437,0.00288540624566766,-0.000141575982069645
-0.00132743154646821,0.00288058151810794,-0.000141866805681985
-0.00132407742990866,0.00287576044721068,-0.000142143810441091
-0.00132070917793483,0.00287094429829732,-0.000142407339358518
-0.00131732834372073,0.00286613429260508,-0.000142657728005234
-0.00131393643132921,0.00286133160842878,-0.000142895304663477
-0.00131053489694693,0.00285653738223612,-0.000143120390475604
-0.00130712515009106,0.00285175270975714,-0.000143333299590008
-0.0013037085547884,0.0028469786470482,-0.00014353433930415
-0.00130028643072729,0.00284221621153133,-0.000143723810204786
-0.0012968600543832,0.00283746638300921,-0.00014390200630539
-0.00129343066011834,0.00283273010465644,-0.00014406921518089
-0.00128999944125594,0.00282800828398777,-0.000144225718099728
-0.00128656755112986,0.00282330179380345,-0.000144371790153307
-0.00128313610410979,0.00281861147311256,-0.000144507700382884
-0.00127970617660296,0.00281393812803456,-0.000144633711903939
-0.00127627880803249,0.00280928253267973,-0.000144750082028091
-0.00127285500179319,0.00280464543000872,-0.000144857062382593
-0.00126943572618511,0.00280002753267201,-0.00014495489902746
-0.00126602191532547,0.00279542952382938,-0.000145043832570269
-0.00126261447003928,0.00279085205795011,-0.000145124098278693
-0.00125921425872934,0.00278629576159411,-0.000145195926190783
-0.00125582211822586,0.00278176123417463,-0.000145259541223081
-0.00125243885461627,0.00277724904870274,-0.000145315163276563
-0.00124906524405562,0.00277275975251417,-0.000145363007340491
-0.00124570203355803,0.00276829386797875,-0.000145403283594197
-0.00124234994176953,0.00276385189319299,-0.000145436197506835
-0.00123900965972282,0.00275943430265599,-0.000145461949935149
-0.00123568185157423,0.00275504154792929,-0.000145480737219305
-0.00123236715532335,0.00275067405828078,-0.000145492751276795
-0.00122906618351567,0.00274633224131315,-0.000145498179694481
-0.0012257795239287,0.00274201648357727,-0.0001454972058188
-0.00122250774024174,0.00273772715117072,-0.000145490008844168
-0.00121925137268993,0.00273346459032186,-0.000145476763899619
-0.00121601093870265,0.00272922912795982,-0.00014545764213371
-0.00121278693352685,0.00272502107227058,-0.000145432810797736
-0.00120957983083553,0.00272084071323967,-0.000145402433327273
-0.00120639008332169,0.00271668832318152,-0.000145366669422094
-0.00120321812327812,0.00271256415725602,-0.000145325675124486
-0.00120006436316336,0.0027084684539724,-0.000145279602895991
-0.00119692919615405,0.00270440143568087,-0.000145228601692615
-0.00119381299668408,0.00270036330905204,-0.00014517281703853
-0.00119071612097082,0.00269635426554473,-0.000145112391098294
-0.00118763890752857,0.00269237448186219,-0.000145047462747617
-0.00118458167766975,0.00268842412039713,-0.000144978167642719
-0.00118154473599395,0.00268450332966559,-0.000144904638288279
-0.00117852837086514,0.00268061224473031,-0.000144827004104021
-0.00117553285487733,0.0026767509876134,-0.000144745391489974
-0.00117255844530894,0.00267291966769883,-0.000144659923890396
-0.00116960538456609,0.0026691183821249,-0.000144570721856428
-0.00116667390061512,0.00266534721616686,-0.000144477903107475
-0.00116376420740456,0.00266160624361004,-0.000144381582591356
-0.00116087650527671,0.00265789552711349,-0.000144281872543234
-0.00115801098136929,0.00265421511856461,-0.000144178882543359
-0.00115516781000708,0.00265056505942479,-0.000144072719573645
-0.00115234715308398,0.00264694538106632,-0.000143963488073103
-0.0011495491604357,0.00264335610510074,-0.000143851289992148
-0.0011467739702032,0.00263979724369895,-0.000143736224845817
-0.00114402170918713,0.00263626879990308,-0.000143618389765896
-0.00114129249319357,0.00263277076793049,-0.000143497879551999
-0.00113858642737104,0.00262930313346992,-0.000143374786721612
-0.00113590360653926,0.00262586587397014,-0.000143249201559115
-0.00113324411550964,0.00262245895892108,-0.000143121212163813
-0.00113060802939772,0.00261908235012784,-0.000142990904496991
-0.0011279954139279,0.00261573600197752,-0.000142858362428009
-0.00112540632573041,0.00261241986169916,-0.000142723667779461
-0.00112284081263082,0.00260913386961703,-0.000142586900371417
-0.00112029891393233,0.00260587795939719,-0.00014244813806476
-0.00111778066069082,0.00260265205828767,-0.00014230745680364
-0.00111528607598299,0.00259945608735236,-0.000142164930657061
-0.00111281517516767,0.0025962899616988,-0.000142020631859624
-0.00111036796614047,0.0025931535906999,-0.00014187463085143
-0.00110794444958197,0.00259004687820982,-0.00014172699631717
-0.00110554461919948,0.00258696972277415,-0.000141577795224421
-0.00110316846196269,0.00258392201783453,-0.000141427092861146
-0.00110081595833317,0.00258090365192775,-0.00014127495287244
-0.00109848708248806,0.00257791450887955,-0.000141121437296507
-0.00109618180253782,0.00257495446799326,-0.000140966606599911
