0.000193831455934801,-5.25585418133894e-06,0.000144156825547862
0.00026945672759307,-7.55236761214008e-06,0.000200089402540338
0.000324405807363336,-9.38956458276522e-06,0.000240513635755488
0.000368227456928166,-1.099631673392e-05,0.000272568153899833
0.000404700380726449,-1.245868401507e-05,0.000299083298177618
0.000435803755793363,-1.38194321530036e-05,0.000321544268703035
0.000462738280545917,-1.51031255442622e-05,0.000340853727757523
0.000486302874551512,-1.63252104266509e-05,0.000357613361594142
0.000507064189254648,-1.74960245244373e-05,0.000372250673424683
0.000525443438405123,-1.86228109800034e-05,0.000385083979623235
0.000541765177332049,-1.97108270122673e-05,0.000396358949846093
0.000556286678649824,-2.07639976735468e-05,0.00040627062835185
0.000569216612255602,-2.17853225794326e-05,0.00041497744776562
0.000580727456519635,-2.27771400549734e-05,0.000422610546965375
0.00059096404799288,-2.37413048197828e-05,0.000429280194771596
0.000600049652517433,-2.46793110635379e-05,0.000435080354878749
0.000608090389207802,-2.55923798282529e-05,0.000440092014871308
0.000615178526890316,-2.64815223707642e-05,0.000444385668715803
0.000621394988615553,-2.7347586949672e-05,0.000448023204360004
0.000626811287339943,-2.8191293920964e-05,0.000451059363783651
0.000631491044856321,-2.90132624275965e-05,0.000453542889627312
0.00063549119997439,-2.98140309418539e-05,0.000455517437982766
0.000638862981313213,-3.05940732441407e-05,0.000457022313950971
0.000641652699244975,-3.13538109679618e-05,0.000458093070952015
0.000643902397097209,-3.20936235298449e-05,0.00045876200394001
0.000645650391539173,-3.28138560459646e-05,0.000459058559031757
0.000646931724778494,-3.35148256834964e-05,0.000459009676575431
0.000647778545883552,-3.41968267841672e-05,0.000458640080695401
0.000648220434631107,-3.48601350169599e-05,0.000457972525405719
0.000648284678355046,-3.55050107574969e-05,0.00045702800518658
0.000647996510064532,-3.61317018473696e-05,0.000455825936257303
0.000647379314414983,-3.67404458532856e-05,0.00045438431351161
0.00064645480681697,-3.7331471920554e-05,0.000452719847103487
0.000645243189958179,-3.79050022958788e-05,0.000450848081911402
0.000643763291221618,-3.84612535794998e-05,0.000448783502511911
0.000642032683856781,-3.90004377547332e-05,0.000446539625821594
0.000640067794261678,-3.95227630340095e-05,0.000444129083190143
0.00063788399733333,-4.00284345529682e-05,0.000441563693425424
0.000635495701521116,-4.0517654938524e-05,0.000438854527987567
0.000632916424954708,-4.09906247720781e-05,0.000436011969390736
0.000630158863803618,-4.14475429653812e-05,0.000433045763689184
0.000627234953848916,-4.18886070634483e-05,0.000429965067790812
0.000624155926101854,-4.23140134865536e-05,0.000426778492231301
0.000620932357182985,-4.27239577212598e-05,0.000423494139950229
0.000617574215074364,-4.31186344688255e-05,0.000420119641534226
0.000614090900772608,-4.34982377579718e-05,0.00041666218732803
0.00061049128629936,-4.38629610278614e-05,0.000413128556760409
0.000606783749465343,-4.42129971862111e-05,0.000409525145186134
0.000602976205733062,-4.45485386467128e-05,0.00040585798850654
0.000599076137479535,-4.48697773492499e-05,0.000402132785798044
0.000595090620923285,-4.51769047658969e-05,0.000398354920149826
0.000591026350947694,-4.5470111895189e-05,0.000394529477887595
0.000586889664025434,-4.5749589246832e-05,0.000390661266339358
0.000582686559424786,-4.60155268186098e-05,0.00038675483028128
0.00057842271885818,-4.62681140670773e-05,0.000382814467185866
0.000574103524715313,-4.65075398732909e-05,0.000378844241381197
0.000569734077007641,-4.67339925047268e-05,0.000374847997218164
0.000565319209137461,-4.69476595742896e-05,0.000370829371332133
0.000560863502592825,-4.71487279972199e-05,0.000366791804076557
0.000556371300659072,-4.7337383946595e-05,0.000362738550197963
0.000551846721228533,-4.75138128079525e-05,0.000358672688814824
0.000547293668781912,-4.76781991335335e-05,0.000354597132756508
0.000542715845607457,-4.78307265965732e-05,0.000350514637313145
0.000538116762317943,-4.79715779459299e-05,0.000346427808442291
0.000533499747719533,-4.81009349613713e-05,0.000342339110473991
0.000528867958081766,-4.82189784097337e-05,0.000338250873351998
0.000524224385853313,-4.83258880021488e-05,0.000334165299445465
0.000519571867864143,-4.84218423524938e-05,0.000330084469962353
0.000514913093051185,-4.85070189371948e-05,0.000326010350993065
0.000510250609741281,-4.85815940564607e-05,0.000321944799210326
0.000505586832522406,-4.86457427970714e-05,0.00031788956724917
0.000500924048731439,-4.86996389967087e-05,0.000313846308788801
0.000496264424584515,-4.87434552099424e-05,0.000309816583356402
0.00049161001097375,-4.87773626758305e-05,0.000305801860871273
0.000486962748952332,-4.88015312872093e-05,0.000301803525946222
0.000482324474928131,-4.88161295616279e-05,0.000297822881961807
0.00047769692558448,-4.88213246139452e-05,0.000293861154927832
0.000473081742545272,-4.88172821305789e-05,0.000289919497145352
0.000468480476800307,-4.88041663453685e-05,0.000285998990681491
0.000463894592905533,-4.87821400170646e-05,0.000282100650668456
0.000459325472971829,-4.87513644083665e-05,0.000278225428437257
0.000454774420454929,-4.87119992665347e-05,0.000274374214495945
0.000450242663758218,-4.86642028054702e-05,0.000270547841361418
0.000445731359659267,-4.86081316893156e-05,0.000266747086253294
0.000441241596570271,-4.85439410174461e-05,0.000262972673657619
0.000436774397641778,-4.84717843108814e-05,0.000259225277767858
0.000432330723718538,-4.83918135000346e-05,0.000255505524809875
0.000427911476155621,-4.83041789137795e-05,0.000251813995257379
0.000423517499502538,-4.82090292697845e-05,0.0002481512259437
0.000419149584062433,-4.81065116660621e-05,0.000244517712075553
0.000414808468333108,-4.79967715737216e-05,0.000240913909153925
0.000410494841336106,-4.7879952830833e-05,0.000237340234807038
0.000406209344839751,-4.7756197637432e-05,0.000233797070539882
0.000401952575481628,-4.76256465515249e-05,0.000230284763404712
0.000397725086795694,-4.74884384861718e-05,0.000226803627596445
0.000393527391148846,-4.73447107074958e-05,0.000223353945976819
0.000389359961591529,-4.71945988336558e-05,0.000219935971530833
0.000385223233626669,-4.70382368347118e-05,0.000216549928758839
0.000381117606900959,-4.68757570333491e-05,0.000213196015007445
0.000377043446822309,-4.67072901064147e-05,0.000209874401742197
0.000373001086107049,-4.65329650872674e-05,0.000206585235764851
0.000368990826260257,-4.63529093688497e-05,0.000203328640377872
0.000365012938992399,-4.6167248707492e-05,0.000200104716498688
0.000361067667575312,-4.59761072274063e-05,0.000196913543726018
0.000357155228140356,-4.57796074258143e-05,0.000193755181360545
0.000353275810921438,-4.55778701787127e-05,0.000190629669382036
0.000349429581445454,-4.53710147472174e-05,0.000187537029384882
0.000345616681672539,-4.5159158784476e-05,0.000184477265473991
0.000341837231088463,-4.49424183430955e-05,0.000181450365122807
0.000338091327751245,-4.47209078831058e-05,0.000178456299995144
0.000334379049294128,-4.44947402803628e-05,0.000175495026732474
0.000330700453886807,-4.42640268354317e-05,0.000172566487708178
0.000327055581156748,-4.40288772828778e-05,0.000169670611750223
0.000323444453072404,-4.37893998009734e-05,0.000166807314833641
0.000319867074789931,-4.35457010217777e-05,0.00016397650074413
0.000316323435465018,-4.32978860415658e-05,0.000161178061714009
0.000312813509031339,-4.30460584316117e-05,0.00015841187903172
0.000309337254947045,-4.27903202492617e-05,0.000155677823626021
0.00030589461891065,-4.25307720493214e-05,0.000152975756625916
0.000302485533547634,-4.22675128957051e-05,0.000150305529897367
0.00029910991906897,-4.20006403733461e-05,0.000147666986557757
0.000295767683902768,-4.17302506003465e-05,0.000145059961469026
0.000292458725300149,-4.14564382403419e-05,0.00014248428171038
0.000289182929916421,-4.11792965150724e-05,0.000139939767031411
0.000285940174368571,-4.08989172171491e-05,0.000137426230286424
0.00028273032577006,-4.06153907229804e-05,0.000134943477850768
0.00027955324224383,-4.03288060058644e-05,0.000132491310019876
0.000276408773414423,-4.00392506492305e-05,0.000130069521391732
0.00027329676088006,-3.97468108599948e-05,0.000127677901233444
0.000270217038665478,-3.94515714820533e-05,0.000125316233832537
0.000267169433656305,-3.91536160098639e-05,0.000122984298833616
0.000264153766015717,-3.88530266021318e-05,0.000120681871560946
0.000261169849584075,-3.85498840955678e-05,0.000118408723327542
0.000258217492262231,-3.82442680187294e-05,0.000116164621731296
0.000255296496379123,-3.79362566059076e-05,0.000113949330938638
0.000252406659044328,-3.76259268110795e-05,0.000111762611956256
0.000249547772486103,-3.73133543218845e-05,0.000109604222891308
0.000246719624375545,-3.69986135736491e-05,0.000107473919200618
0.00024392199813736,-3.66817777634207e-05,0.000105371453929249
0.000241154673247804,-3.63629188640256e-05,0.000103296577938902
0.000238417425520273,-3.60421076381239e-05,0.000101249040126506
0.000235710027379026,-3.57194136522737e-05,9.92285876334155e-05
0.000233032248121499,-3.53949052909801e-05,9.72349660455483e-05
0.000230383854169659,-3.50686497707274e-05,9.52679195848352e-05
0.000227764609310816,-3.47407131539931e-05,9.33271912923052e-05
0.000225174274928285,-3.4411160363236e-05,9.14125232031466e-05
0.000222612610222311,-3.40800551948425e-05,8.95236565140298e-05
0.00022007937242162,-3.37474603330349e-05,8.76603317430077e-05
0.000217574316985942,-3.34134373637434e-05,8.58222888822767e-05
0.000215097197799875,-3.30780467884142e-05,8.40092675440654e-05
0.000212647767358398,-3.27413480377709e-05,8.22210070999215e-05
0.00021022577694437,-3.2403399485512e-05,8.04572468136439e-05
0.000207830976798303,-3.20642584619493e-05,7.87177259681176e-05
0.000205463116280711,-3.17239812675685e-05,7.70021839862643e-05
0.000203121944027324,-3.1382623186528e-05,7.53103605463473e-05
0.000200807208097423,-3.10402385000738e-05,7.3641995691851e-05
0.000198518656115561,-3.06968804998807e-05,7.19968299361244e-05
0.000196256035406936,-3.03526015013012e-05,7.0374604362013e-05
0.000194019093126632,-3.00074528565457e-05,6.8775060716648e-05
0.000191807576382974,-2.96614849677536e-05,6.71979415015925e-05
