-2.06187402132296e-05,-6.37981954205554e-06,-4.10422328549036e-05
-2.80377714567416e-05,-9.23245884179928e-06,-5.68662571110054e-05
-3.29954240003289e-05,-1.15588746375527e-05,-6.823586187018e-05
-3.65821218868053e-05,-1.36308552203226e-05,-7.71966383958206e-05
-3.92403131609097e-05,-1.55498645909264e-05,-8.45617304610919e-05
-4.12073152495162e-05,-1.73659521616116e-05,-9.07589113954682e-05
-4.26304290736537e-05,-1.91076327093442e-05,-9.60488121659769e-05
-4.36098369490161e-05,-2.07926691860701e-05,-0.000100605573055228
-4.42180955827002e-05,-2.24328190602574e-05,-0.000104553198838029
-4.45102179919374e-05,-2.40362118960351e-05,-0.000107984214005432
-4.45293919224404e-05,-2.56086549273344e-05,-0.000110970161505317
-4.43104567627762e-05,-2.71544011481904e-05,-0.00011356793677844
-4.38821358454822e-05,-2.86766261581699e-05,-0.000115823823081544
-4.32685339597694e-05,-3.01777372490316e-05,-0.000117776177724638
-4.24901789578561e-05,-3.16595809659178e-05,-0.000119457286168194
-4.1564768601803e-05,-3.31235866652761e-05,-0.000120894681254217
-4.05077201095097e-05,-3.45708683146097e-05,-0.000122112106499885
-3.93325836580534e-05,-3.60022982382692e-05,-0.000123130235387683
-3.80513596432989e-05,-3.74185615340312e-05,-0.000123967219031814
-3.66747463057053e-05,-3.8820196875618e-05,-0.000124639110387609
-3.5212335967109e-05,-4.02076275393873e-05,-0.000125160197874737
-3.36727726692016e-05,-4.15811852902138e-05,-0.000125543271351335
-3.20638803600758e-05,-4.29411289713276e-05,-0.000125799836765011
-3.03927682865673e-05,-4.42876591123497e-05,-0.000125940291309433
-2.86659185166726e-05,-4.56209295067414e-05,-0.000125974067795334
-2.68892592877328e-05,-4.69410564569355e-05,-0.000125909754741696
-2.50682269907418e-05,-4.82481262064296e-05,-0.000125755197111938
-2.32078189541343e-05,-4.95422009496261e-05,-0.000125517581468582
-2.1312638710805e-05,-5.08233237166185e-05,-0.000125203508470169
-1.93869350725062e-05,-5.20915223612775e-05,-0.000124819054999071
-1.74346360627694e-05,-5.33468128296379e-05,-0.000124369827728948
-1.54593785502428e-05,-5.45892018470052e-05,-0.000123861009573851
-1.34645342622326e-05,-5.58186891328049e-05,-0.0001232974001781
-1.14532327316093e-05,-5.70352692297198e-05,-0.000122683451385893
-9.42838163033418e-06,-5.82389330162706e-05,-0.000122023298456605
-7.39268486366643e-06,-5.94296689584264e-05,-0.000121320787654951
-5.34865873546349e-06,-6.060746414518e-05,-0.00012057950073594
-3.29864644395381e-06,-6.17723051446751e-05,-0.000119802776757001
-1.24483112571533e-06,-6.29241787107312e-05,-0.000118993731578729
8.10752368225786e-07,-6.40630723642862e-05,-0.000118155275358063
2.8662068082008e-06,-6.51889748700021e-05,-0.000117290128290569
4.91976290057096e-06,-6.63018766247628e-05,-0.000116400834819666
6.9697704673732e-06,-6.7401769972011e-05,-0.000115489776498485
9.01469039297925e-06,-6.84886494535062e-05,-0.000114559183663434
1.10530872531681e-05,-6.95625120082726e-05,-0.000113611146056137
1.30836225532772e-05,-7.06233571268594e-05,-0.000112647622511782
1.5105048511642e-05,-7.16711869678317e-05,-0.00011167044981607
1.71162023325864e-05,-7.27060064422645e-05,-0.000110681350819637
1.91160009201794e-05,-7.37278232711838e-05,-0.000109681941887475
2.11034359898374e-05,-7.47366480201237e-05,-0.000108673739751153
2.30775695399548e-05,-7.57324941143279e-05,-0.000107658167823397
2.50375296501297e-05,-7.67153778376539e-05,-0.000106636562027491
2.69825065762946e-05,-7.76853183177272e-05,-0.000105610176187722
2.89117491164148e-05,-7.86423374995718e-05,-0.000104580187021907
3.08245612232172e-05,-7.9586460109614e-05,-0.000103547698772363
3.27202988429331e-05,-8.05177136116407e-05,-0.000102513747507699
3.45983669612552e-05,-8.14361281561575e-05,-0.000101479305124332
3.6458216839555e-05,-8.23417365242824e-05,-0.000100445283073532
3.82993434261893e-05,-8.32345740672522e-05,-9.94125358371704e-05
4.01212829291213e-05,-8.41146786423734e-05,-9.83818641729731e-05
4.19236105374927e-05,-8.49820905462213e-05,-9.73540181479686e-05
4.37059382808635e-05,-8.58368524457072e-05,-9.63296999770359e-05
4.54679130159622e-05,-8.66790093075844e-05,-9.5309566681822e-05
4.72092145316393e-05,-8.75086083268722e-05,-9.4294232583806e-05
4.89295537635982e-05,-8.83256988546186e-05,-9.32842716440941e-05
5.06286711111863e-05,-8.91303323253374e-05,-9.22802196612744e-05
5.23063348492106e-05,-8.99225621844429e-05,-9.1282576337753e-05
5.39623396283154e-05,-9.07024438159237e-05,-9.02918072240077e-05
5.55965050580254e-05,-9.14700344704869e-05,-8.93083455493521e-05
5.72086743670081e-05,-9.22253931943498e-05,-8.83325939471788e-05
5.87987131355746e-05,-9.29685807588408e-05,-8.73649260818532e-05
6.03665080958021e-05,-9.36996595909481e-05,-8.64056881839263e-05
6.19119659950546e-05,-9.44186937049127e-05,-8.54552004997585e-05
6.34350125189636e-05,-9.51257486349707e-05,-8.45137586611538e-05
6.49355912702589e-05,-9.5820891369307e-05,-8.35816349801881e-05
6.64136628000787e-05,-9.65041902852936e-05,-8.26590796739838e-05
6.78692036886775e-05,-9.71757150860501e-05,-8.17463220238445e-05
6.93022056725908e-05,-9.78355367383666e-05,-8.08435714728069e-05
7.07126748156386e-05,-9.84837274120207e-05,-7.99510186653961e-05
7.21006307212065e-05,-9.91203604204998e-05,-7.90688364330664e-05
7.34661057835422e-05,-9.97455101631532e-05,-7.81971807285618e-05
7.48091444758321e-05,-0.000100359252068757,-7.73361915122419e-05
7.61298026730971e-05,-0.000100961662540527,-7.64859935931127e-05
7.7428147007975e-05,-0.000101552818902541,-7.56466974272325e-05
7.87042542576399e-05,-0.000102132799347591,-7.48183998758842e-05
7.99582107602011e-05,-0.000102701682886428,-7.40011849257813e-05
8.11901118590342e-05,-0.000103259549298415,-7.31951243734323e-05
8.24000613735814e-05,-0.000103806479083541,-7.24002784756401e-05
8.3588171095267e-05,-0.000104342553415805,-7.16166965679662e-05
8.47545603072499e-05,-0.000104867854097929,-7.08444176529136e-05
8.58993553267888e-05,-0.000105382463517395,-7.00834709594282e-05
8.70226890691201e-05,-0.000105886464603765,-6.93338764752517e-05
8.81247006317465e-05,-0.000106379940787283,-6.85956454535399e-05
8.92055348981602e-05,-0.000106862975958718,-6.78687808950938e-05
9.02653421600378e-05,-0.000107335654430418,-6.71532780074553e-05
9.13042777570192e-05,-0.000107798060898574,-6.64491246420469e-05
9.23225017332211e-05,-0.000108250280406649,-6.57563017104888e-05
9.33201785096993e-05,-0.000108692398309948,-6.50747835811085e-05
9.42974765720892e-05,-0.000109124500241304,-6.44045384566568e-05
9.52545681727381e-05,-0.000109546672077865,-6.37455287341514e-05
9.61916290466178e-05,-0.00010995899990894,-6.3097711347726e-05
9.71088381404204e-05,-0.000110361570004889,-6.24610380953202e-05
9.80063773541888e-05,-0.000110754468787029,-6.18354559499848e-05
9.88844312949562e-05,-0.000111137782798525,-6.12209073565503e-05
9.97431870418031e-05,-0.000111511598676256,-6.06173305143561e-05
0.000100582833921846,-0.000111876003123614,-6.00246596467044e-05
0.000101403563296659,-0.000112231082884221,-5.94428252576724e-05
0.000102205568358661,-0.000112576924716545,-5.88717543768484e-05
0.000102989043937015,-0.000112913615369375,-5.83113707926116e-05
0.000103754186312653,-0.000113241241558158,-5.77615952744172e-05
0.000104501193041979,-0.00011355988994214,-5.72223457846663e-05
0.000105230262788903,-0.000113869647102331,-5.66935376805801e-05
0.000105941595164832,-0.000114170599520232,-5.61750839065751e-05
0.000106635390576276,-0.000114462833557332,-5.56668951775577e-05
0.000107311850079722,-0.000114746435435342,-5.5168880153539e-05
0.000107971175243494,-0.000115021491217144,-5.46809456060014e-05
0.00010861356801627,-0.00011528808678844,-5.42029965763285e-05
0.000109239230601986,-0.000115546307840082,-5.37349365267121e-05
0.000109848365340852,-0.000115796239851061,-5.32766674838372e-05
0.000110441174596213,-0.000116037968072134,-5.2828090175675e-05
0.00011101786064702,-0.000116271577510082,-5.23891041616963e-05
0.000111578625585655,-0.000116497152912567,-5.19596079567898e-05
0.000112123671220907,-0.000116714778753585,-5.15394991491656e-05
0.000112653198985856,-0.000116924539219483,-5.11286745125041e-05
0.000113167409850479,-0.000117126518195538,-5.0727030112617e-05
0.000113666504238772,-0.000117320799253074,-5.03344614088331e-05
0.000114150681950191,-0.000117507465637107,-4.99508633503756e-05
0.000114620142085251,-0.000117686600254489,-4.95761304679189e-05
0.000115075082975084,-0.000117858285662561,-4.92101569605518e-05
0.000115515702114805,-0.000118022604058277,-4.88528367783373e-05
0.000115942196100531,-0.000118179637267795,-4.85040637006678e-05
0.000116354760569889,-0.000118329466736524,-4.81637314105947e-05
0.000116753590145871,-0.000118472173519612,-4.78317335653051e-05
0.000117138878383899,-0.000118607838272854,-4.7507963862912e-05
0.000117510817721967,-0.000118736541244018,-4.719231610573e-05
0.000117869599433723,-0.00011885836226458,-4.68846842601601e-05
0.00011821541358438,-0.000118973380741837,-4.65849625133662e-05
0.000118548448989327,-0.000119081675651403,-4.62930453268518e-05
0.000118868893175331,-0.00011918332553008,-4.60088274870875e-05
0.000119176932344229,-0.000119278408469072,-4.57322041533125e-05
0.000119472751338993,-0.000119367002107558,-4.54630709026315e-05
0.00011975653361207,-0.000119449183626591,-4.52013237725212e-05
0.000120028461195917,-0.000119525029743325,-4.49468593008661e-05
0.00012028871467561,-0.000119594616705562,-4.4699574563628e-05
0.000120537473163478,-0.000119658020286597,-4.44593672102454e-05
0.000120774914275627,-0.000119715315780367,-4.42261354968693e-05
0.000121001214110324,-0.000119766577996884,-4.39997783175287e-05
0.000121216547228128,-0.000119811881257944,-4.37801952333084e-05
0.000121421086633702,-0.000119851299393119,-4.35672864996443e-05
0.000121615003759246,-0.000119884905735992,-4.33609530917871e-05
0.00012179846844945,-0.000119912773120661,-4.31610967285552e-05
0.000121971648947955,-0.000119934973878485,-4.29676198944163e-05
0.000122134711885192,-0.000119951579835066,-4.27804258599923e-05
0.000122287822267587,-0.000119962662307463,-4.2599418701049e-05
0.000122431143468059,-0.000119968292101633,-4.24245033160427e-05
0.00012256483721774,-0.000119968539510084,-4.2255585442285e-05
0.000122689063598881,-0.000119963474309742,-4.20925716707855e-05
0.000122803981038888,-0.000119953165760018,-4.19353694598398e-05
0.000122909746305421,-0.000119937682601076,-4.1783887147408e-05
0.00012300651450254,-0.000119917093052284,-4.16380339623529e-05
