0.000227910144534793,1.22369483503129e-05,0.00019416868039899
0.000316574697450951,1.67684156773046e-05,0.000269605225916374
0.00038082047122373,1.98967411387216e-05,0.000324197641444197
0.00043190578646747,2.22554063672171e-05,0.000367550446521621
0.000474290374817121,2.4099843774312e-05,0.000403470281174548
0.000510312412680112,2.55662838973158e-05,0.000433953957131486
0.000541391760466753,2.67388319749687e-05,0.000460214662525564
0.000568474055301515,2.76743956988758e-05,0.000483060791385607
0.000592230626026633,2.84139837317987e-05,0.000503066514072774
0.000613160937967371,2.89885354999967e-05,0.00052065920271943
0.000631650166575421,2.94222204461235e-05,0.000536168574439999
0.000648003882999485,2.97344398353967e-05,0.000549856304363796
0.000662470119469905,2.99411094561052e-05,0.000561934868306781
0.000675254035733405,3.00555185182268e-05,0.000572580070009588
0.00068652802649507,3.00889260386773e-05,0.000581939676384881
0.000696438901668114,3.00509877730443e-05,0.000590139553425218
0.000705113120795749,2.99500698940193e-05,0.000597288140417143
0.000712660695050451,2.97934846927131e-05,0.000603479786101854
0.000719178153120258,2.95876711907128e-05,0.000608797285140529
0.000724750834488307,2.93383359462257e-05,0.000613313839887934
0.000729454689775483,2.90505645200051e-05,0.000617094600912026
0.000733357713408558,2.87289109293467e-05,0.000620197893247701
0.000736521097691632,2.83774703244761e-05,0.000622676204477704
0.000739000172762204,2.79999386930256e-05,0.000624576989730228
0.000740845179862082,2.75996624046149e-05,0.000625943334120901
0.000742101913321659,2.71796797036784e-05,0.000626814502890502
0.000742812258028327,2.67427557521266e-05,0.000627226402119891
0.000743014642871647,2.62914124535903e-05,0.000627211967540126
0.000742744426027305,2.58279540170698e-05,0.000626801494999458
0.000742034224484314,2.53544890125707e-05,0.000626022923194275
0.000740914197608355,2.48729495157641e-05,0.000624902077039334
0.000739412292540763,2.43851078194074e-05,0.000623462878348741
0.000737554457695989,2.38925910970905e-05,0.000621727529185685
0.000735364829425214,2.33968943327661e-05,0.000619716672217055
0.000732865895975768,2.28993917728552e-05,0.000617449531607163
0.000730078642134511,2.2401347112641e-05,0.000614944037350613
0.000727022677352291,2.19039225925878e-05,0.000612216935438941
0.000723716349672463,2.1408187151316e-05,0.00060928388585004
0.000720176847403373,2.09151237583104e-05,0.000606159550021787
0.000716420290163512,2.0425636030279e-05,0.000602857669204854
0.000712461810673433,1.99405542193101e-05,0.000599391134871996
0.000708315628459308,1.94606406479471e-05,0.000595772052181933
0.000703995116460048,1.89865946555294e-05,0.000592011797347975
0.00069951286138619,1.85190571110467e-05,0.000588121069638487
0.000694880718558936,1.80586145403518e-05,0.000584109938633668
0.000690109861857065,1.7605802909029e-05,0.000579987887276991
0.000685210829314839,1.71611110970175e-05,0.00057576385118715
0.000680193564842457,1.67249840963759e-05,0.000571446254635041
0.000675067456479707,1.62978259597898e-05,0.000567043043538203
0.000669841371541873,1.58800025239988e-05,0.00056256171578084
0.000664523688972454,1.54718439295266e-05,0.000558009349129507
0.0006591223291794,1.50736469556008e-05,0.000553392626982009
0.000653644781598763,1.46856771869897e-05,0.000548717862159038
0.000648098130201405,1.4308171027682e-05,0.000543991018923743
0.000642489077133946,1.39413375747e-05,0.000539217733393526
0.000636823964663801,1.35853603638797e-05,0.000534403332490073
0.000631108795579648,1.32403989983408e-05,0.000529552851557639
0.000625349252182445,1.29065906691261e-05,0.000524671050765849
0.000619550713987933,1.25840515766983e-05,0.000519762430400978
0.000613718274249037,1.22728782610112e-05,0.000514831245138993
0.000607856755395711,1.19731488472106e-05,0.000509881517384267
0.000601970723479918,1.16849242133314e-05,0.000504917049749478
0.000596064501705036,1.14082490857553e-05,0.000499941436744906
0.000590142183111255,1.11431530677105e-05,0.000494958075738795
0.000584207642481817,1.08896516055961e-05,0.000489970177244596
0.000578264547528986,1.06477468974945e-05,0.000484980774585869
0.000572316369413203,1.04174287478981e-05,0.000479992732984844
0.000566366392644109,1.01986753722953e-05,0.000475008758116689
0.000560417724407867,9.99145415499315e-06,0.000470031404167703
0.000554473303361323,9.79572236323769e-06,0.000465063081432453
0.000548535907930068,9.61142782052064e-06,0.000460106063481805
0.000542608164144433,9.43850954164691e-06,0.000455162493931209
0.000536692553044529,9.27689833201271e-06,0.000450234392836089
0.000530791417683002,9.12651735331371e-06,0.000445323662739086
0.000524906969751791,8.98728265774905e-06,0.00044043209439188
0.000519041295857225,8.85910369264482e-06,0.000435561372172537
0.000513196363465712,8.74188377726872e-06,0.000430713079217701
0.000507374026540809,8.63552055348363e-06,0.000425888702287496
0.000501576030890632,8.53990641178194e-06,0.00042108963637961
0.000495804019243385,8.45492889411779e-06,0.000416317189107875
0.000490059536067318,8.38047107486924e-06,0.000411572584859454
0.00048434403215033,8.31641192118479e-06,0.000406856968743824
0.000478658868953317,8.26262663384583e-06,0.000402171410345708
0.000473005322750374,8.21898696975642e-06,0.000397516907293346
0.00046738458856804,8.18536154705507e-06,0.000392894388652611
0.00046179778393498,8.16161613379687e-06,0.000388304718156871
0.000456245952452657,8.14761392109694e-06,0.000383748697281697
0.000450730067196927,8.14321578158407e-06,0.000379227068173056
0.000445251033959749,8.14828051391029e-06,0.000374740516436911
0.000439809694339668,8.16266507408417e-06,0.000370289673797786
0.000434406828689142,8.18622479430967e-06,0.000365875120633219
0.000429043158926292,8.21881358996739e-06,0.00036149738839073
0.000423719351218138,8.26028415536683e-06,0.000357156961893392
0.000418436018541995,8.31048814883122e-06,0.00035285428153982
0.000413193723131269,8.36927636767279e-06,0.000348589745403958
0.000407992978811514,8.43649891356063e-06,0.000344363711239766
0.000402834253232258,8.51200534876272e-06,0.000340176498395595
0.000397717969999808,8.59564484373234e-06,0.000336028389642735
0.00039264451071589,8.68726631645492e-06,0.000331919632922399
0.000387614216926754,8.78671856397432e-06,0.00032785044301511
0.000382627391987067,8.89385038648163e-06,0.000323821003136277
0.000377684302842672,9.00851070433069e-06,0.000319831466461505
0.000372785181736127,9.13054866832935e-06,0.000315881957584997
0.000367930227838603,9.25981376362972e-06,0.000311972573914206
0.000363119608811662,9.39615590753754e-06,0.000308103387003753
0.000358353462302114,9.53942554152689e-06,0.000304274443831426
0.000353631897373083,9.68947371774102e-06,0.000300485768018948
0.00034895499587419,9.8461521802579e-06,0.000296737361000041
0.000344322813753608,1.00093134413487e-05,0.000293029203138231
0.000339735382314634,1.01788108529975e-05,0.000289361254796604
0.000335192709419253,1.03544986738808e-05,0.000285733457361744
0.000330694780641053,1.05362321320564e-05,0.000282145734223868
0.00032624156036974,1.07238674835326e-05,0.000278597991715095
0.000321832992869376,1.0917262066943e-05,0.000275090120007738
0.000317469003292349,1.11162743544969e-05,0.000271621993974331
0.000313149498651034,1.1320763999391e-05,0.0002681934740111
0.000308874368748915,1.15305918798409e-05,0.000264804406826428
0.000304643487072957,1.17456201399152e-05,0.000261454626195864
0.000300456711648859,1.19657122272998e-05,0.000258143953685082
0.000296313885860772,1.2190732928153e-05,0.000254872199342175
0.000292214839236963,1.24205483991938e-05,0.000251639162360589
0.000288159388202886,1.265502619715e-05,0.000248444631713931
0.000284147336803001,1.28940353056882e-05,0.000245288386763845
0.000280178477392642,1.31374461599678e-05,0.000242170197842078
0.000276252591301189,1.33851306689031e-05,0.000239089826807825
0.000272369449467708,1.36369622352721e-05,0.000236047027581358
0.000268528813050203,1.38928157737661e-05,0.000233041546654958
0.000264730434009552,1.41525677270743e-05,0.00023007312358205
0.000260974055669158,1.44160960801097e-05,0.000227141491445459
0.000257259413251312,1.46832803724663e-05,0.000224246377305639
0.000253586234391185,1.49540017091912e-05,0.000221387502629678
0.000249954239629364,1.52281427699522e-05,0.000218564583701893
0.000246363142883807,1.55055878166952e-05,0.000215777332016727
0.000242812651902009,1.57862226998519e-05,0.000213025454654682
0.000239302468694187,1.60699348631785e-05,0.000210308654641974
0.000235832289948244,1.63566133473016e-05,0.000207626631294561
0.000232401807427215,1.66461487920147e-05,0.000204979080547162
0.000229010708349906,1.69384334374199e-05,0.000202365695267892
0.000225658675755369,1.72333611239573e-05,0.000199786165559056
0.000222345388851876,1.75308272913774e-05,0.000197240179044681
0.00021907052335097,1.78307289767298e-05,0.000194727421145298
0.000215833751787197,1.81329648114004e-05,0.000192247575340488
0.000212634743824067,1.84374350172699e-05,0.000189800323419672
0.000209473166546801,1.87440414020134e-05,0.000187385345721613
0.000206348684742336,1.90526873536273e-05,0.000185002321363078
0.000203260961167146,1.9363277834188e-05,0.000182650928457084
0.000200209656803283,1.96757193729141e-05,0.000180330844321139
0.000197194431103147,1.99899200585536e-05,0.000178041745675876
0.000194214942223397,2.03057895311534e-05,0.000175783308834463
0.000191270847248419,2.06232389732301e-05,0.000173555209883128
0.00018836180240378,2.09421811003898e-05,0.000171357124853181
0.000185487463260017,2.1262530151424e-05,0.00016918872988485
0.000182647484927159,2.15842018779282e-05,0.00016704970138324
0.000179841522240349,2.19071135334501e-05,0.000164939716166757
0.000177069229936858,2.22311838622169e-05,0.000162858451608265
0.000174330262824894,2.2556333087471e-05,0.000160805585769271
0.000171624275944459,2.28824828994236e-05,0.000158780797527412
0.000168950924720595,2.3209556442869e-05,0.000156783766697518
0.0001663098651093,2.35374783044801e-05,0.000154814174146469
0.000163700753736401,2.38661744998061e-05,0.000152871701902147
