-0.0020520278407541,-0.000229142618853443,-0.00155667650518712
-0.00284024424721152,-0.000315767293874388,-0.00214602835812181
-0.00340430351117192,-0.00037683879589158,-0.00256183213002005
-0.00384674571496218,-0.00042399907614316,-0.00288294116461976
-0.00420835686217076,-0.00046191016349632,-0.00314087973939315
-0.0045106053617928,-0.000493042089851952,-0.00335232257069314
-0.00476657868337544,-0.000518910077946424,-0.00352748299913403
-0.00498502647812267,-0.000540533088728336,-0.00367322016640367
-0.00517218354546591,-0.000558641113173766,-0.00379444274778584
-0.00533270546198403,-0.000573781851406695,-0.00389483083975163
-0.00547019522068214,-0.000586380927903217,-0.00397724310534107
-0.00558752100010054,-0.000596778330912924,-0.00404396294225745
-0.00568701862780789,-0.00060525170013691,-0.00409685565162201
-0.00577062636248448,-0.000612031878711733,-0.00413747328784099
-0.00583997792366627,-0.000617313682940238,-0.00416712718420298
-0.00589646868199683,-0.000621263591143328,-0.0041869396677074
-0.00594130398716879,-0.000624025377496087,-0.00419788190233237
-0.00597553525013868,-0.000625724333753174,-0.00420080220752673
-0.00600008741183976,-0.000626470495334939,-0.00419644766640557
-0.00601578021575502,-0.000626361149431368,-0.00418548089907729
-0.00602334493417454,-0.000625482814958759,-0.00416849328264721
-0.00602343769945159,-0.000623912827083206,-0.00414601551332951
-0.0060166502597653,-0.000621720620953311,-0.00411852614884095
-0.00600351875317231,-0.0006189687833452,-0.00408645859405881
-0.00598453093712405,-0.000615713922901971,-0.0040502068712563
-0.00596013220003462,-0.000612007396903513,-0.00401013043021768
-0.00593073060211773,-0.000607895923341941,-0.00396655819174518
-0.0058967011349107,-0.000603422100395771,-0.00391979197302361
-0.0058583893462418,-0.000598624850457065,-0.00387010941002332
-0.00581611444551294,-0.000593539802167264,-0.00381776646722134
-0.00577017198007192,-0.000588199621119019,-0.00376299960607858
-0.00572083615503691,-0.00058263429773908,-0.003706027669301
-0.00566836185473488,-0.000576871399211936,-0.00364705352678535
-0.00561298641285863,-0.000570936291013238,-0.00358626552047647
-0.00555493116976531,-0.000564852332606919,-0.00352383873854585
-0.0054944028484688,-0.000558641051054777,-0.00345993614390027
-0.00543159477539906,-0.00055232229564409,-0.00339470957771525
-0.00536668796760092,-0.000545914376121932,-0.00332830065522365
-0.00529985210449035,-0.000539434186705367,-0.00326084156818171
-0.0052312463993898,-0.000532897317695578,-0.00319245580615204
-0.00516102038370062,-0.000526318156243964,-0.00312325880687009
-0.00508931461461995,-0.000519709977587309,-0.00305335854441944
-0.00501626131570035,-0.000513085027878326,-0.00298285606266408
-0.00494198495820993,-0.00050645459957737,-0.00291184596032362
-0.00486660279013248,-0.000499829100239719,-0.00284041683318743
-0.00479022531870836,-0.000493218115418209,-0.00276865167821866
-0.00471295675162568,-0.000486630466308627,-0.00269662826366741
-0.00463489540130149,-0.000480074262682942,-0.00262441946877938
-0.00455613405612493,-0.000473556951588768,-0.00255209359623219
-0.00447676032204804,-0.000467085362233457,-0.00247971466004349
-0.00439685693749535,-0.000460665747422235,-0.00240734265136274
-0.00431650206420764,-0.000454303821875945,-0.00233503378427302
-0.00423576955632622,-0.000448004797716843,-0.00226284072348279
-0.00415472920976057,-0.000441773417378858,-0.00219081279557329
-0.00407344699365035,-0.000435613984169809,-0.00211899618528321
-0.00399198526553332,-0.000429530390689915,-0.00204743411814991
-0.00391040297165628,-0.000423526145287877,-0.00197616703068612
-0.00382875583371256,-0.000417604396718675,-0.00190523272914742
-0.00374709652315661,-0.000411767957149372,-0.00183466653783753
-0.00366547482412816,-0.000406019323645517,-0.00176450143780327
-0.0035839377859147,-0.000400360698257597,-0.00169476819668652
-0.00350252986578918,-0.000394794006815337,-0.00162549549042647
-0.00342129306297994,-0.000389320916528243,-0.00155671001743927
-0.00334026704445609,-0.000383942852480811,-0.00148843660584357
-0.0032594892631492,-0.000378661013103962,-0.0014206983142485
-0.00317899506917456,-0.000373476384695886,-0.00135351652657354
-0.0030988178145639,-0.000368389755060034,-0.00128691104132862
-0.00301898895197749,-0.000363401726321813,-0.00122090015574541
-0.00293953812782061,-0.000358512726980127,-0.00115550074511679
-0.00286049327015478,-0.000353723023246107,-0.00109072833767218
-0.00278188067175997,-0.000349032729715864,-0.00102659718528857
-0.0027037250686751,-0.00034444181942171,-0.000963120330313073
-0.0026260497145165,-0.000339950133301651,-0.000900309668750676
-0.00254887645085082,-0.000335557389124781,-0.000838176010050434
-0.00247222577387653,-0.000331263189906585,-0.000776729133705915
-0.00239611689764768,-0.000327067031846229,-0.000715977842868516
-0.00232056781405701,-0.00032296831181503,-0.000655930015157858
-0.00224559534977732,-0.000318966334423767,-0.000596592650839175
-0.00217121522034697,-0.000315060318693703,-0.000537971918525798
-0.00209744208156981,-0.000311249404355433,-0.000480073198553425
-0.00202428957838935,-0.000307532657796947,-0.000422901124161438
-0.00195177039138357,-0.000303909077681667,-0.000366459620608649
-0.0018798962810187,-0.000300377600255268,-0.000310751942340859
-0.00180867812978833,-0.000296937104359423,-0.000255780708319668
-0.00173812598235736,-0.000293586416168526,-0.000201547935615842
-0.0016682490838213,-0.000290324313665136,-0.000148055071361696
-0.00159905591618411,-0.000287149530868975,-9.53030231527377e-05
-0.00153055423315143,-0.000284060761832411,-4.32921879816657e-05
-0.00146275109332894,-0.000281056664415802,7.97752021685206e-06
-0.00139565289191077,-0.000278135863854278,5.85066443373728e-05
-0.00132926539093687,-0.000275296956127104,0.000108296159122126
-0.00126359374819312,-0.000272538511140619,0.000157347447362
-0.00119864254482419,-0.000269859075734205,0.000205662277219587
-0.00113441581172424,-0.000267257176518702,0.000253242780617403
-0.00107091705476666,-0.000264731322556261,0.000300091432637373
-0.0010081492789307,-0.000262280007889599,0.000346211031881437
-0.00094611501137906,-0.000259901713928796,0.000391604681745365
-0.000884816323537785,-0.000257594911702457,0.000436275772561439
-0.00082425485222648,-0.000255358063980928,0.000480227964567291
-0.000764431819884167,-0.000253189627277222,0.000523465171661061
-0.000705348053933647,-0.000251088053732749,0.000565991545905523
-0.000647004005325312,-0.000249051792892991,0.000607811462744916
-0.000589399766297525,-0.000247079293378976,0.000648929506901499
-0.000532535087391053,-0.000245169004459839,0.000689350458919355
-0.000476409393750598,-0.000243319377531119,0.000729079282325529
-0.000421021800746691,-0.000241528867504067,0.000768121111379991
-0.000366371128947589,-0.000239795934109582,0.000806481239387006
-0.000312455918471356,-0.000238119043121874,0.000844165107542582
-0.000259274442744804,-0.000236496667505158,0.000881178294293322
-0.000206824721695593,-0.000234927288487601,0.000917526505183698
-0.000155104534402767,-0.000233409396565949,0.000953215563169697
-0.000104111431228418,-0.000231941492444256,0.000988251399378019
-5.38427454536244e-05,-0.000230522087910111,0.00102264004429091
-4.29560443953224e-06,-0.000229149706651072,0.00105638761933777
4.45330596661462e-05,-0.000227822885014905,0.00108950032887572
9.26464996580733e-05,-0.000226540172715652,0.0011219844525418
0.000140048143419007,-0.000225300133488769,0.00115384633796071
0.000186741584465428,-0.000224101345697549,0.00118509239379261
0.000232730572875721,-0.000222942402893396,0.00121572908310599
0.000278019006586084,-0.000221821914332035,0.00124576291706195
0.000322610923037921,-0.000220738505448179,0.00127520044889603
0.000366510491163288,-0.000219690818290274,0.0013040482681851
0.000409722003694161,-0.000218677511917735,0.00133231299538698
0.000452249869782383,-0.000217697262762231,0.0013600012766412
0.000494098607918225,-0.000216748764955023,0.00138711977881964
0.000535272839134911,-0.000215830730621865,0.00141367518481662
0.00057577728048838,-0.000214941890147421,0.00143967418906817
0.000615616738800884,-0.000214080992410291,0.00146512349329084
0.000654796104658097,-0.000213246804990589,0.00149002980243068
0.000693320346649956,-0.000212438114351133,0.00151439982081367
0.000731194505845275,-0.000211653725993869,0.001538240248489
0.000768423690491384,-0.000210892464592512,0.00156155777775729
0.000805013070929811,-0.000210153174103062,0.00158435908987565
0.000840967874719575,-0.000209434717852839,0.00160665085193255
0.000876293381960329,-0.000208735978609568,0.00162843971388513
0.000910994920807335,-0.000208055858631468,0.00164973230575228
0.000945077863170954,-0.000207393279699212,0.00167053523495678
0.00097854762059397,-0.000206747183131017,0.00169085508381067
0.00101140964029928,-0.000206116529781437,0.00171069840713738
0.00104366940140196,-0.000205500300025078,0.00173007173002526
0.00107533241127946,-0.0002048974937259,0.00174898154570678
0.00110640420209354,-0.000204307130192912,0.00176743431355838
0.00113689032745858,-0.000203728248123109,0.00178543645721568
0.00116679635925061,-0.000203159905532351,0.00180299436279934
0.00119612788455171,-0.000202601179674896,0.00182011437724703
0.00122489050272481,-0.000202051166952173,0.00183680280674674
0.00125308982261389,-0.000201508982811594,0.00185306591526762
0.00128073145986488,-0.000200973761635931,0.00186890992318381
0.00130782103436277,-0.000200444656623764,0.00188434100598759
0.00133436416778075,-0.00019992083966175,0.00189936529308808
0.00136036648123692,-0.000199401501189057,0.00191398886669173
0.00138583359305454,-0.00019888585005457,0.00192821776076121
0.00141077111662256,-0.000198373113367329,0.00194205796004943
0.00143518465835176,-0.000197862536340703,0.00195551539920536
0.00145907981572374,-0.000197353382130688,0.00196859596194864
0.00148246217542891,-0.000196844931668706,0.00198130548031003
0.00150533731159038,-0.00019633648348949,0.00199364973393485
0.00152771078407022,-0.000195827353554231,0.00200563444944675
0.0015495881368556,-0.000195316875069469,0.00201726529986904
0.00157097489652123,-0.000194804398302068,0.00202854790410124
