0.000160243312494744,9.70532815853562e-05,-0.000237400803035476
0.000230016598579649,0.000139725224456416,-0.000319456332708461
0.000285761974270988,0.00017406426476491,-0.000371747935191947
0.000334519333790517,0.000204280842080755,-0.000407226517398117
0.000378950942926501,0.000231957844696818,-0.00043120032448141
0.000420388181975611,0.000257881821220723,-0.000446543109008651
0.000459600995049315,0.000282504487396843,-0.000455054149791029
0.000497076914825744,0.000306109734130536,-0.000457967185973762
0.000533144486709056,0.000328887342302549,-0.000456182599047783
0.000568035407209996,0.000350970010077683,-0.000450387961513803
0.000601918823008136,0.000372453741598059,-0.000441126668220861
0.000634921618708496,0.000393409875582366,-0.000428839818908411
0.000667141082766319,0.000413892574138438,-0.000413893205146509
0.000698653165658187,0.000433943690967305,-0.000396595478255927
0.000729518059587265,0.000453596050133055,-0.000377210830085666
0.000759784082501873,0.000472875720605905,-0.000355968116406531
0.000789490450959792,0.000491803634136304,-0.000333067592682767
0.000818669303135154,0.000510396760959355,-0.000308685999146339
0.000847347202766289,0.000528668980138981,-0.000282980475015381
0.000875546275754642,0.000546631734332418,-0.000256091623388531
0.000903285081663319,0.000564294529383958,-0.000228145947748786
0.000930579290567361,0.000581665320297423,-0.000199257815296242
0.000957442214764784,0.000598750812731689,-0.00016953105833899
0.000983885230753706,0.000615556700822844,-0.000139060294875276
0.00100991811720339,0.000632087856418675,-0.000107932028500873
0.0010355493278829,0.000648348480822959,-7.62255728622651e-05
0.00106078621370816,0.000664342227318199,-4.4013835114923e-05
0.00108563520461078,0.000680072300702455,-1.13639849628717e-05
0.00111010195940494,0.000695541538592669,2.16619699934478e-05
0.00113419148996397,0.000710752478153578,5.50066862702859e-05
0.00115790826462081,0.000725707411094905,8.86170508857072e-05
0.0011812562946559,0.000740408429163916,0.000122443801693715
0.00120423920692927,0.000754857461892649,0.000156441193235757
0.00122686030509776,0.000769056307998713,0.000190566701236334
0.0012491226213772,0.000783006661559964,0.000224780760098933
0.00127102896043387,0.000796710133866472,0.000259046528739098
0.00129258193669443,0.000810168271681338,0.000293329680874584
0.00131378400612909,0.000823382572507096,0.000327598216527996
0.00133463749337437,0.00083635449734668,0.000361822292010738
0.00135514461491244,0.000849085481360856,0.000395974066080089
0.00137530749890171,0.000861576942755481,0.000430027560305754
0.00139512820215535,0.000873830290173983,0.000463958531970691
0.00141460872468287,0.0008858469288263,0.000497744358068046
0.0014337510221438,0.000897628265546203,0.000531363929156204
0.00145255701650927,0.000909175712939197,0.000564797552000193
0.00147102860517999,0.000920490692756994,0.000598026860070139
0.00148916766877366,0.000931574638614118,0.000631034731085573
0.00150697607776195,0.000942428998143519,0.000663805210897476
0.00152445569811193,0.000953055234674556,0.000696323443085565
0.00154160839606421,0.000963454828503847,0.000728575603723958
0.00155843604216175,0.000973629277818748,0.000760548840831302
0.00157494051462745,0.000983580099325536,0.000792231218077541
0.00159112370217481,0.00099330882862598,0.00082361166236752
0.00160698750632587,0.00100281702038033,0.000854679914962346
0.00162253384329885,0.00101210624828925,0.000885426485836449
0.00163776464552192,0.00102117810492269,0.000915842611000208
0.00165268186282028,0.00103003420141983,0.00094592021254502
0.00166728746331913,0.00103867616708106,0.000975651861192751
0.00168158343409883,0.00104710564886979,0.00100503074115294
0.00169557178163473,0.00105532431083974,0.00103405061710994
0.00170925453204915,0.00106333383350131,0.00106270580317916
0.00172263373120085,0.00107113591313831,0.00109099113368709
0.00173571144463322,0.00107873226108534,0.00111890193564174
0.00174848975740033,0.00108612460297478,0.00114643400277349
0.00176097077378765,0.00109331467796018,0.00117358357103633
0.00177315661694224,0.00110030423792333,0.00120034729546856
0.00178504942842519,0.00110709504667017,0.00122672222832142
0.00179665136769807,0.00111368887912062,0.0012527057983709
0.00180796461155353,0.00112008752049603,0.00127829579133591
0.0018189913534985,0.0011262927655088,0.00130349033133098
0.00182973380309869,0.00113230641755586,0.00132828786328841
0.00184019418529074,0.00113813028792012,0.00135268713628937
0.00185037473966827,0.00114376619498071,0.00137668718774787
0.00186027771974756,0.00114921596343515,0.00140028732839643
0.00186990539221745,0.00115448142353394,0.0014234871280253
0.00187926003617774,0.00115956441032989,0.00144628640193109
0.00188834394236969,0.00116446676294229,0.0014686851980338
0.00189715941240218,0.00116919032383779,0.00149068378462388
0.00190570875797634,0.00117373693812794,0.00151228263870375
0.0019139943001109,0.00117810845288444,0.00153348243489107
0.00192201836837101,0.00118230671647215,0.00155428403485222
0.00192978330010196,0.0011863335779007,0.00157468847723791
0.00193729143966993,0.00119019088619427,0.00159469696809355
0.00194454513771095,0.00119388048978023,0.00161431087171915
0.00195154675038964,0.0011974042358964,0.00163353170195569
0.00195829863866836,0.00120076397001681,0.00165236111387536
0.00196480316758836,0.00120396153529639,0.00167080089585521
0.00197106270556317,0.00120699877203373,0.00168885296201472
0.00197707962368549,0.00120987751715249,0.00170651934499901
0.00198285629504735,0.00121259960370063,0.00172380218909068
0.00198839509407483,0.00121516686036767,0.00174070374363389
0.00199369839587743,0.00121758111101944,0.00175722635675553
0.00199876857561209,0.0012198441742502,0.00177337246936932
0.00200360800786256,0.00122195786295181,0.00178914460944917
0.00200821906603402,0.00122392398389947,0.00180454538655887
0.00201260412176323,0.0012257443373539,0.00181957748662646
0.00201676554434419,0.00122742071667958,0.00183424366695157
0.00202070570016907,0.00122895490797853,0.00184854675143508
0.00202442695218503,0.0012303486897396,0.00186248962602073
0.00202793165936652,0.00123160383250251,0.00187607523433946
0.00203122217620246,0.00123272209853666,0.00188930657354673
0.00203430085219952,0.00123370524153413,0.00190218669034472
0.00203717003139968,0.00123455500631655,0.00191471867718071
0.00203983205191361,0.00123527312855547,0.00192690566861424
0.00204228924546819,0.00123586133450591,0.00193875083784527
0.00204454393696945,0.00123632134075286,0.00195025739339658
0.00204659844407902,0.00123665485397002,0.00196142857594365
0.00204845507680574,0.00123686357069076,0.00197226765528535
0.00205011613711073,0.00123694917709079,0.00198277792745006
0.00205158391852643,0.00123691334878256,0.00199296271193051
0.00205286070578922,0.00123675775062017,0.00200282534904294
0.00205394877448539,0.00123648403651569,0.00201236919740425
0.00205485039071009,0.00123609384926558,0.002021597631523
0.00205556781073915,0.00123558882038722,0.00203051403949913
0.00205610328071351,0.00123497056996554,0.0020391218208277
0.00205645903633589,0.00123424070650885,0.00204742438430292
0.00205663730257972,0.00123340082681419,0.00205542514601753
0.00205664029340952,0.00123245251584142,0.00206312752745429
0.00205647021151322,0.0012313973465961,0.00207053495366543
0.00205612924804553,0.0012302368800207,0.00207765085153644
0.00205561958238244,0.00122897266489384,0.00208447864813104
0.00205494338188647,0.00122760623773756,0.00209102176911372
0.00205410280168255,0.00122613912273205,0.00209728363724685
0.0020530999844441,0.0012245728316377,0.00210326767095937
0.00205193706018909,0.00122290886372436,0.00210897728298405
0.0020506161460861,0.00122114870570736,0.00211441587906071
0.00204913934626975,0.00121929383169015,0.00211958685670255
0.00204750875166556,0.00121734570311346,0.00212449360402341
0.00204572643982382,0.0012153057687104,0.00212913949862289
0.00204379447476233,0.00121317546446778,0.0021335279065279
0.00204171490681783,0.00121095621359304,0.00213766218118747
0.00203948977250571,0.00120864942648664,0.00214154566251943
0.00203712109438792,0.00120625650072006,0.00214518167600635
0.00203461088094904,0.00120377882101871,0.00214857353183922
0.00203196112647971,0.00120121775924991,0.00215172452410664
0.002029173810968,0.00119857467441566,0.00215463793002786
0.00202625089999779,0.00119585091265001,0.00215731700922793
0.00202319434465448,0.00119304780722087,0.00215976500305324
0.00202000608143747,0.00119016667853603,0.00216198513392586
0.00201668803217959,0.00118720883415342,0.00216398060473513
0.00201324210397277,0.0011841755687952,0.00216575459826506
0.00200967018910038,0.00118106816436568,0.00216731027665603
0.00200597416497545,0.00117788788997295,0.00216865078089952
0.00200215589408511,0.0011746360019539,0.00216977923036448
0.00199821722394076,0.00117131374390269,0.00217069872235407
0.00199415998703378,0.00116792234670244,0.00217141233169171
0.0019899860007969,0.00116446302855998,0.00217192311033492
0.00198569706757075,0.00116093699504361,0.00217223408701628
0.00198129497457563,0.00115734543912364,0.00217234826691009
0.00197678149388817,0.00115368954121574,0.00217226863132374
0.001972158382423,0.00114997046922678,0.00217199813741301
0.00196742738191889,0.00114618937860335,0.00217153971791998
0.00196259021892959,0.00114234741238238,0.00217089628093301
0.00195764860481905,0.00113844570124436,0.00217007070966754
0.00195260423576078,0.00113448536356847,0.00216906586226707
0.00194745879274151,0.00113046750548989,0.00216788457162354
0.00194221394156862,0.00112639322095913,0.00216652964521601
0.00193687133288158,0.00112226359180316,0.0021650038649673
0.00193143260216712,0.00111807968778832,0.00216330998711747
0.00192589936977785,0.00111384256668506,0.00216145074211365
