-0.00121954301922121,0.00302856272065155,-1.41857555809424e-05
-0.00121941477497308,0.00303823169578707,-1.64485298464528e-05
-0.00121924907882045,0.00304727886404734,-1.86379879358021e-05
-0.00121904702145241,0.00305572343621223,-2.07559051691628e-05
-0.00121880967007745,0.00306358413615226,-2.28040192019601e-05
-0.00121853806887585,0.00307087921209638,-2.47840307766532e-05
-0.00121823323944373,0.00307762644765208,-2.66976044599714e-05
-0.00121789618122891,0.00308384317258302,-2.85463693658528e-05
-0.00121752787195884,0.00308954627334948,-3.03319198643865e-05
-0.00121712926806065,0.00309475220341646,-3.20558162769923e-05
-0.00121670130507348,0.00309947699333463,-3.37195855581425e-05
-0.0012162448980532,0.00310373626059876,-3.53247219638309e-05
-0.00121576094196974,0.00310754521928852,-3.68726877070953e-05
-0.00121525031209706,0.00311091868949621,-3.83649136007958e-05
-0.00121471386439599,0.003113871106546,-3.98027996879235e-05
-0.00121415243588996,0.00311641653000912,-4.11877158596552e-05
-0.00121356684503388,0.00311856865251935,-4.25210024614161e-05
-0.00121295789207614,0.00312034080839317,-4.3803970887132e-05
-0.00121232635941397,0.00312174598205854,-4.5037904161962e-05
-0.00121167301194228,0.00312279681629669,-4.62240575136559e-05
-0.00121099859739601,0.0031235056203006,-4.73636589328432e-05
-0.00121030384668615,0.00312388437755446,-4.84579097223616e-05
-0.00120958947422956,0.00312394475353756,-4.95079850359356e-05
-0.00120885617827277,0.00312369810325677,-5.05150344063279e-05
-0.00120810464120961,0.00312315547861088,-5.14801822632225e-05
-0.00120733552989319,0.00312232763559081,-5.2404528441e-05
-0.00120654949594186,0.00312122504131886,-5.32891486766135e-05
-0.00120574717603972,0.00311985788093079,-5.41350950977471e-05
-0.0012049291922314,0.00311823606430377,-5.49433967014656e-05
-0.00120409615221146,0.00311636923263385,-5.57150598234932e-05
-0.00120324864960839,0.00311426676486592,-5.64510685983505e-05
-0.00120238726426331,0.00311193778397946,-5.71523854104864e-05
-0.00120151256250354,0.0031093911631333,-5.78199513365984e-05
-0.00120062509741106,0.00310663553167212,-5.84546865793094e-05
-0.00119972540908594,0.00310367928099801,-5.90574908923453e-05
-0.00119881402490499,0.00310053057030979,-5.96292439974073e-05
-0.00119789145977537,0.00309719733221302,-6.01708059928805e-05
-0.00119695821638376,0.00309368727820349,-6.06830177545347e-05
-0.0011960147854406,0.00309000790402698,-6.11667013283743e-05
-0.00119506164592,0.00308616649491782,-6.16226603157784e-05
-0.00119409926529502,0.00308217013071906,-6.20516802511234e-05
-0.00119312809976864,0.00307802569088664,-6.24545289719523e-05
-0.00119214859450039,0.00307373985938025,-6.28319569819063e-05
-0.00119116118382868,0.00306931912944321,-6.31846978065248e-05
-0.00119016629148912,0.00306476980827378,-6.35134683420545e-05
-0.00118916433082855,0.00306009802159038,-6.3818969197401e-05
-0.00118815570501525,0.00305530971809291,-6.41018850293734e-05
-0.00118714080724507,0.00305041067382242,-6.43628848713084e-05
-0.00118612002094377,0.0030454064964215,-6.46026224552423e-05
-0.00118509371996552,0.00304030262929732,-6.48217365277559e-05
-0.00118406226878772,0.00303510435568966,-6.50208511595547e-05
-0.00118302602270207,0.00302981680264585,-6.52005760490044e-05
-0.00118198532800213,0.00302444494490476,-6.53615068196346e-05
-0.00118094052216733,0.00301899360869168,-6.55042253117979e-05
-0.00117989193404347,0.00301346747542631,-6.56292998685718e-05
-0.00117883988401986,0.00300787108534537,-6.57372856160117e-05
-0.00117778468420312,0.00300220884104208,-6.58287247378654e-05
-0.00117672663858765,0.00299648501092409,-6.5904146744863e-05
-0.00117566604322295,0.00299070373259173,-6.59640687386884e-05
-0.00117460318637771,0.00298486901613833,-6.60089956707147e-05
-0.00117353834870085,0.00297898474737431,-6.60394205956226e-05
-0.00117247180337943,0.00297305469097671,-6.60558249200077e-05
-0.00117140381629373,0.0029670824935658,-6.60586786460433e-05
-0.00117033464616914,0.00296107168671037,-6.60484406103313e-05
-0.00116926454472544,0.00295502568986332,-6.60255587180014e-05
-0.00116819375682302,0.00294894781322899,-6.5990470172173e-05
-0.00116712252060647,0.00294284126056382,-6.59436016988562e-05
-0.00116605106764535,0.00293670913191175,-6.58853697673882e-05
-0.00116497962307233,0.00293055442627587,-6.58161808064851e-05
-0.00116390840571867,0.00292438004422767,-6.57364314160013e-05
-0.00116283762824712,0.00291818879045528,-6.56465085744641e-05
-0.00116176749728232,0.00291198337625205,-6.55467898424893e-05
-0.00116069821353864,0.00290576642194685,-6.54376435621432e-05
-0.00115962997194566,0.00289954045927725,-6.5319429052313e-05
-0.00115856296177112,0.002893307933707,-6.51924968002005e-05
-0.00115749736674174,0.00288707120668897,-6.50571886489898e-05
-0.00115643336516143,0.00288083255787471,-6.49138379817553e-05
-0.00115537113002749,0.00287459418727191,-6.47627699017125e-05
-0.00115431082914442,0.00286835821735094,-6.46043014088483e-05
-0.00115325262523567,0.00286212669510142,-6.44387415730314e-05
-0.00115219667605306,0.00285590159404018,-6.42663917036475e-05
-0.00115114313448428,0.0028496848161715,-6.40875455158393e-05
-0.00115009214865825,0.00284347819390084,-6.3902489293422e-05
-0.00114904386204836,0.00283728349190293,-6.37115020485172e-05
-0.00114799841357386,0.00283110240894548,-6.351485567799e-05
-0.00114695593769923,0.00282493657966922,-6.33128151167515e-05
-0.00114591656453157,0.00281878757632548,-6.3105638487967e-05
-0.00114488041991621,0.00281265691047218,-6.28935772502537e-05
-0.00114384762553037,0.00280654603462913,-6.26768763419116e-05
-0.00114281829897509,0.00280045634389356,-6.24557743222513e-05
-0.0011417925538653,0.00279438917751684,-6.22305035100693e-05
-0.00114077049991816,0.00278834582044325,-6.20012901193494e-05
-0.00113975224303976,0.00278232750481152,-6.1768354392194e-05
-0.00113873788540997,0.00277633541142016,-6.15319107290987e-05
-0.0011377275255658,0.00277037067115737,-6.12921678165842e-05
-0.00113672125848299,0.00276443436639616,-6.10493287522443e-05
-0.00113571917565616,0.00275852753235567,-6.08035911672708e-05
-0.00113472136517726,0.00275265115842937,-6.0555147346487e-05
-0.00113372791181251,0.00274680618948088,-6.03041843459568e-05
-0.00113273889707788,0.00274099352710814,-6.00508841082066e-05
-0.00113175439931309,0.00273521403087671,-5.97954235751047e-05
-0.00113077449375405,0.00272946851952282,-5.95379747984493e-05
-0.00112979925260402,0.00272375777212694,-5.92787050483152e-05
-0.00112882874510327,0.00271808252925843,-5.9017776919178e-05
-0.00112786303759738,0.00271244349409208,-5.87553484339052e-05
-0.00112690219360425,0.00270684133349701,-5.84915731455965e-05
-0.0011259462738797,0.00270127667909873,-5.82266002373726e-05
-0.00112499533648183,0.00269575012831485,-5.7960574620112e-05
-0.00112404943683409,0.00269026224536511,-5.76936370282007e-05
-0.00112310862778709,0.00268481356225619,-5.74259241133118e-05
-0.00112217295967919,0.00267940457974221,-5.71575685362823e-05
-0.00112124248039589,0.00267403576826101,-5.68886990570947e-05
-0.00112031723542801,0.00266870756884713,-5.66194406230178e-05
-0.00111939726792875,0.0026634203940219,-5.63499144549432e-05
-0.0011184826187696,0.00265817462866114,-5.60802381319456e-05
-0.00111757332659507,0.00265297063084103,-5.58105256741013e-05
-0.00111666942787642,0.00264780873266262,-5.55408876236091e-05
-0.00111577095696427,0.00264268924105558,-5.5271431124238e-05
-0.00111487794614013,0.00263761243856144,-5.50022599991389e-05
-0.00111399042566692,0.0026325785840971,-5.47334748270449e-05
-0.00111310842383848,0.00262758791369873,-5.44651730169095e-05
-0.00111223196702805,0.00262264064124689,-5.41974488809898e-05
-0.0011113610797358,0.00261773695917298,-5.39303937064245e-05
-0.0011104957846354,0.00261287703914758,-5.36640958253285e-05
-0.00110963610261962,0.00260806103275119,-5.33986406834346e-05
-0.00110878205284501,0.00260328907212761,-5.31341109073071e-05
-0.00110793365277571,0.00259856127062057,-5.28705863701657e-05
-0.00110709091822633,0.0025938777233937,-5.26081442563339e-05
-0.00110625386340395,0.0025892385080346,-5.23468591243479e-05
-0.00110542250094929,0.0025846436851431,-5.20868029687558e-05
-0.00110459684197705,0.00258009329890421,-5.18280452806173e-05
-0.00110377689611537,0.00257558737764606,-5.15706531067511e-05
-0.00110296267154451,0.00257112593438325,-5.13146911077329e-05
-0.00110215417503475,0.00256670896734588,-5.10602216146886e-05
-0.00110135141198351,0.00256233646049471,-5.08073046848935e-05
-0.00110055438645164,0.00255800838402256,-5.05559981562022e-05
-0.00109976310119909,0.00255372469484255,-5.03063577003437e-05
-0.00109897755771966,0.00254948533706338,-5.00584368750852e-05
-0.00109819775627526,0.00254529024245175,-4.981228717531e-05
-0.00109742369592919,0.00254113933088262,-4.95679580830069e-05
-0.00109665537457899,0.00253703251077731,-4.93254971162144e-05
-0.0010958927889884,0.00253296967952978,-4.90849498769252e-05
-0.00109513593481878,0.00252895072392147,-4.88463600979785e-05
-0.00109438480665982,0.00252497552052487,-4.86097696889643e-05
-0.00109363939805961,0.00252104393609616,-4.8375218781144e-05
-0.00109289970155406,0.00251715582795709,-4.81427457714288e-05
-0.00109216570869578,0.0025133110443665,-4.79123873654138e-05
-0.00109143741008225,0.0025095094248816,-4.7684178619502e-05
-0.00109071479538344,0.00250575080070931,-4.7458152982127e-05
-0.00108999785336888,0.00250203499504792,-4.72343423340981e-05
-0.00108928657193404,0.00249836182341922,-4.70127770280831e-05
-0.00108858093812636,0.0024947310939915,-4.67934859272438e-05
-0.00108788093817045,0.00249114260789343,-4.6576496443045e-05
-0.00108718655749299,0.00248759615951917,-4.6361834572253e-05
-0.00108649778074698,0.00248409153682494,-4.61495249331359e-05
-0.00108581459183548,0.00248062852161715,-4.59395908008908e-05
-0.00108513697393483,0.00247720688983242,-4.57320541422977e-05
-0.00108446490951747,0.0024738264118096,-4.55269356496352e-05
-0.00108379838037408,0.002470486852554,-4.53242547738579e-05
-0.00108313736763544,0.00246718797199412,-4.51240297570557e-05
