-0.00121988789908012,0.00302675325156823,-1.85332632972837e-05
-0.00122010029453312,0.00303469059540749,-2.49396085567044e-05
-0.00122027103570395,0.00304208173523736,-3.10747731291595e-05
-0.00122040125076728,0.00304894370183404,-3.6946451717394e-05
-0.00122049204412481,0.00305529309273247,-4.25621520675329e-05
-0.00122054449685972,0.00306114608227185,-4.7929199180155e-05
-0.00122055966718288,0.00306651843142007,-5.30547394305673e-05
-0.00122053859087076,0.00307142549738175,-5.79457446001794e-05
-0.00122048228169549,0.00307588224299456,-6.2609015820841e-05
-0.00122039173184693,0.00307990324591814,-6.70511874339607e-05
-0.00122026791234706,0.00308350270762031,-7.12787307662223e-05
-0.00122011177345674,0.00308669446216472,-7.52979578236073e-05
-0.00121992424507504,0.00308949198480416,-7.91150249054826e-05
-0.00121970623713128,0.00309190840038381,-8.27359361403971e-05
-0.00121945863996977,0.00309395649155838,-8.61665469452595e-05
-0.00121918232472761,0.00309564870682713,-8.94125674094922e-05
-0.00121887814370544,0.00309699716839073,-9.24795656057622e-05
-0.00121854693073148,0.00309801367983371,-9.53729708287851e-05
-0.00121818950151879,0.00309870973363622,-9.80980767637921e-05
-0.00121780665401603,0.00309909651851884,-0.000100660044586064
-0.00121739916875171,0.00309918492662391,-0.000103063905993059
-0.00121696780917214,0.00309898556053701,-0.000105314566170475
-0.00121651332197313,0.00309850874015184,-0.000107416806693733
-0.00121603643742561,0.00309776450938209,-0.000109375288366152
-0.00121553786969521,0.00309676264272339,-0.00011119455399523
-0.00121501831715598,0.00309551265166863,-0.000112879031108288
-0.00121447846269829,0.00309402379097989,-0.000114433034608781
-0.00121391897403106,0.00309230506481988,-0.000115860769374527
-0.00121334050397841,0.00309036523274609,-0.000117166332799087
-0.00121274369077084,0.00308821281557053,-0.000118353717277484
-0.001212129158331,0.00308585610108793,-0.000119426812637459
-0.00121149751655418,0.00308330314967529,-0.000120389408517413
-0.00121084936158362,0.00308056179976553,-0.000121245196692152
-0.00121018527608071,0.00307763967319799,-0.000121997773347568
-0.00120950582949018,0.00307454418044836,-0.000122650641305304
-0.00120881157830044,0.00307128252574071,-0.000123207212198502
-0.00120810306629892,0.00306786171204424,-0.000123670808599655
-0.00120738082482293,0.00306428854595702,-0.000124044666101568
-0.00120664537300558,0.00306056964247948,-0.000124331935352472
-0.00120589721801735,0.0030567114296797,-0.000124535684046176
-0.00120513685530308,0.00305272015325313,-0.000124658898868351
-0.00120436476881454,0.0030486018809789,-0.000124704487399734
-0.0012035814312387,0.00304436250707495,-0.00012467527997727
-0.00120278730422175,0.00304000775645422,-0.00012457403151405
-0.00120198283858892,0.00303554318888402,-0.000124403423278933
-0.00120116847456024,0.0030309742030508,-0.000124166064636704
-0.00120034464196226,0.00302630604053213,-0.000123864494749631
-0.00119951176043578,0.00302154378967822,-0.000123501184241212
-0.00119867023963978,0.00301669238940467,-0.000123078536822944
-0.00119782047945147,0.00301175663289861,-0.000122598890884928
-0.00119696287016263,0.00300674117123997,-0.000122064521051012
-0.00119609779267225,0.00300165051693979,-0.00012147763969932
-0.00119522561867564,0.00299648904739738,-0.000120840398448832
-0.00119434671084988,0.00299126100827815,-0.000120154889612793
-0.00119346142303592,0.00298597051681372,-0.000119423147619648
-0.00119257010041712,0.00298062156502616,-0.000118647150402184
-0.0011916730796946,0.00297521802287791,-0.000117828820755587
-0.00119077068925918,0.00296976364134907,-0.000116970027665054
-0.00118986324936012,0.00296426205544367,-0.000116072587603668
-0.00118895107227073,0.00295871678712638,-0.000115138265801093
-0.00118803446245076,0.00295313124819128,-0.000114168777483787
-0.00118711371670587,0.00294750874306423,-0.000113165789087318
-0.00118618912434398,0.00294185247154012,-0.000112130919441401
-0.00118526096732875,0.00293616553145662,-0.000111065740928203
-0.00118432952043009,0.00293045092130572,-0.000109971780614547
-0.00118339505137188,0.0029247115427845,-0.000108850521358547
-0.00118245782097693,0.0029189502032864,-0.000107703402891224
-0.00118151808330908,0.00291316961833436,-0.000106531822873663
-0.00118057608581276,0.00290737241395713,-0.000105337137930225
-0.00117963206944978,0.0029015611290099,-0.00010412066465834
-0.00117868626883361,0.00289573821744065,-0.000102883680615375
-0.00117773891236107,0.00288990605050323,-0.000101627425283097
-0.00117679022234157,0.00288406691891858,-0.000100353101010208
-0.00117584041512379,0.00287822303498495,-9.9061873933394e-05
-0.0011748897012201,0.00287237653463857,-9.77548748774239e-05
-0.00117393828542851,0.00286652947946565,-9.64332002346884e-05
-0.00117298636695228,0.00286068385866683,-9.50979128246555e-05
-0.00117203413951738,0.00285484159097522,-9.37500427336907e-05
-0.00117108179148752,0.00284900452652901,-9.23905881356296e-05
-0.00117012950597723,0.00284317444869961,-9.10205160935736e-05
-0.00116917746096248,0.00283735307587649,-8.96407633432689e-05
-0.00116822582938948,0.00283154206320939,-8.82522370585116e-05
-0.0011672747792812,0.00282574300430921,-8.68558155989455e-05
-0.0011663244738419,0.00281995743290818,-8.54523492406427e-05
-0.00116537507155974,0.00281418682448049,-8.40426608898482e-05
-0.0011644267263073,0.00280843259782404,-8.26275467802616e-05
-0.00116347958744022,0.00280269611660432,-8.12077771541983e-05
-0.00116253379989399,0.0027969786908613,-7.97840969280033e-05
-0.00116158950427881,0.00279128157847998,-7.83572263420482e-05
-0.00116064683697266,0.00278560598662563,-7.69278615956606e-05
-0.00115970593021256,0.00277995307314437,-7.54966754673045e-05
-0.00115876691218409,0.00277432394792996,-7.40643179203641e-05
-0.00115782990710917,0.00276871967425749,-7.26314166947952e-05
-0.00115689503533214,0.00276314127008474,-7.11985778850081e-05
-0.00115596241340421,0.00275758970932203,-6.97663865042681e-05
-0.00115503215416618,0.0027520659230711,-6.83354070358859e-05
-0.00115410436682968,0.00274657080083385,-6.69061839715386e-05
-0.00115317915705681,0.00274110519169163,-6.54792423369476e-05
-0.0011522566270381,0.00273566990545568,-6.40550882052446e-05
-0.00115133687556914,0.00273026571378935,-6.26342091982684e-05
-0.00115041999812561,0.00272489335130287,-6.12170749760632e-05
-0.00114950608693689,0.00271955351662122,-5.98041377148493e-05
-0.00114859523105818,0.00271424687342567,-5.83958325737177e-05
-0.00114768751644133,0.0027089740514696,-5.69925781502836e-05
-0.00114678302600412,0.00270373564756936,-5.55947769255854e-05
-0.00114588183969834,0.00269853222657043,-5.42028156984035e-05
-0.00114498403457648,0.00269336432228973,-5.28170660093008e-05
-0.00114408968485705,0.0026882324384345,-5.14378845545732e-05
-0.00114319886198871,0.00268313704949825,-5.00656135903457e-05
-0.00114231163471311,0.00267807860163434,-4.87005813270321e-05
-0.0011414280691265,0.00267305751350787,-4.73431023143805e-05
-0.00114054822874007,0.00266807417712603,-4.59934778173075e-05
-0.0011396721745392,0.00266312895864772,-4.46519961827251e-05
-0.00113879996504146,0.0026582221991728,-4.33189331975732e-05
-0.00113793165635352,0.00265335421551138,-4.19945524382444e-05
-0.00113706730222688,0.00264852530093375,-4.06791056115922e-05
-0.00113620695411252,0.00264373572590125,-3.93728328877273e-05
-0.00113535066121451,0.00263898573877867,-3.8075963224765e-05
-0.00113449847054251,0.00263427556652843,-3.67887146857228e-05
-0.00113365042696317,0.00262960541538719,-3.5511294747732e-05
-0.00113280657325068,0.00262497547152506,-3.42439006037478e-05
-0.00113196695013611,0.00262038590168796,-3.2986719456918e-05
-0.00113113159635589,0.00261583685382356,-3.17399288077699e-05
-0.00113030054869931,0.00261132845769101,-3.05036967344104e-05
-0.00112947384205505,0.00260686082545497,-2.92781821658485e-05
-0.00112865150945675,0.00260243405226435,-2.80635351486354e-05
-0.0011278335821277,0.00259804821681598,-2.68598971069581e-05
-0.00112702008952467,0.00259370338190357,-2.56674010963311e-05
-0.00112621105938075,0.00258939959495255,-2.44861720510386e-05
-0.00112540651774745,0.00258513688854071,-2.33163270254747e-05
-0.00112460648903588,0.00258091528090544,-2.21579754295012e-05
-0.00112381099605709,0.00257673477643742,-2.10112192579809e-05
-0.00112302006006163,0.00257259536616144,-1.98761533146033e-05
-0.0011222337007783,0.00256849702820453,-1.87528654301434e-05
-0.0011214519364521,0.00256443972825162,-1.76414366752753e-05
-0.00112067478388143,0.00256042341998911,-1.65419415680643e-05
-0.00111990225845451,0.0025564480455367,-1.54544482762674e-05
-0.00111913437418505,0.00255251353586762,-1.43790188145463e-05
-0.00111837114374727,0.00254861981121753,-1.33157092367299e-05
-0.00111761257851007,0.00254476678148262,-1.22645698232176e-05
-0.00111685868857061,0.0025409543466068,-1.1225645263658e-05
-0.00111610948278718,0.00253718239695848,-1.01989748349901e-05
-0.00111536496881136,0.00253345081369716,-9.18459257497029e-06
-0.00111462515311953,0.00252975946913001,-8.18252745128276e-06
-0.00111389004104375,0.00252610822705866,-7.1928035263336e-06
-0.00111315963680199,0.00252249694311662,-6.21544011783349e-06
-0.00111243394352776,0.0025189254650973,-5.25045195526081e-06
-0.00111171296329904,0.00251539363327302,-4.29784933230799e-06
-0.00111099669716672,0.0025119012807052,-3.35763825539607e-06
-0.00111028514518239,0.00250844823354594,-2.42982058835459e-06
-0.00110957830642555,0.00250503431133115,-1.51439419335958e-06
-0.00110887617903027,0.00250165932726551,-6.11353068202466e-07
-0.00110817876021129,0.00249832308849944,2.79312520008463e-07
-0.00110748604628953,0.00249502539639815,1.15761590463741e-06
-0.00110679803271715,0.00249176604680326,2.02357389272168e-06
-0.00110611471410202,0.00248854483028679,2.87720664149749e-06
-0.00110543608423167,0.00248536153239804,3.71853753818315e-06
-0.00110476213609677,0.00248221593390333,4.54759308292775e-06
-0.0011040928619141,0.00247910781101884,5.36440277486565e-06
-0.00110342825314899,0.00247603693563675,6.16899900119568e-06
