-0.00122159097263575,0.00301402515289766,-1.47709028967118e-05
-0.00122348670861515,0.00300983499359316,-1.7628314813004e-05
-0.00122532122828445,0.00300568131116202,-2.04215080653895e-05
-0.00122709582950425,0.00300156367287962,-2.31518734782109e-05
-0.00122881178505625,0.00299748165347988,-2.58207723929886e-05
-0.00123047034310714,0.00299343483498724,-2.84295372775144e-05
-0.00123207272766413,0.00298942280655279,-3.09794723226692e-05
-0.00123362013902219,0.00298544516429424,-3.34718540271956e-05
-0.00123511375420327,0.0029815015111398,-3.59079317706614e-05
-0.00123655472738758,0.00297759145667573,-3.82889283748452e-05
-0.00123794419033706,0.00297371461699767,-4.06160406538007e-05
-0.00123928325281113,0.00296987061456539,-4.28904399527737e-05
-0.00124057300297505,0.0029660590780612,-4.51132726762484e-05
-0.00124181450780082,0.00296227964225162,-4.72856608052906e-05
-0.00124300881346077,0.0029585319478525,-4.94087024044348e-05
-0.00124415694571416,0.00295481564139729,-5.14834721182981e-05
-0.00124525991028666,0.00295113037510854,-5.35110216581535e-05
-0.00124631869324298,0.00294747580677251,-5.54923802786131e-05
-0.00124733426135283,0.00294385159961674,-5.74285552446814e-05
-0.00124830756245015,0.00294025742219066,-5.93205322893053e-05
-0.00124923952578587,0.00293669294824896,-6.11692760616795e-05
-0.00125013106237429,0.00293315785663792,-6.29757305664028e-05
-0.00125098306533312,0.00292965183118437,-6.47408195937641e-05
-0.00125179641021742,0.00292617456058739,-6.64654471412539e-05
-0.00125257195534743,0.00292272573831262,-6.81504978265257e-05
-0.00125331054213049,0.00291930506248906,-6.97968372919577e-05
-0.00125401299537705,0.00291591223580851,-7.14053126009801e-05
-0.001254680123611,0.00291254696542729,-7.29767526263371e-05
-0.00125531271937435,0.00290920896287041,-7.45119684304558e-05
-0.00125591155952633,0.00290589794393804,-7.60117536380476e-05
-0.00125647740553714,0.00290261362861431,-7.74768848011327e-05
-0.00125701100377621,0.00289935574097814,-7.89081217566181e-05
-0.00125751308579541,0.00289612400911651,-8.03062079765744e-05
-0.00125798436860692,0.00289291816503952,-8.16718709113827e-05
-0.00125842555495615,0.00288973794459772,-8.3005822325851e-05
-0.00125883733358969,0.0028865830874014,-8.43087586284896e-05
-0.0012592203795183,0.00288345333674178,-8.55813611940418e-05
-0.0012595753542752,0.00288034843951412,-8.68242966794313e-05
-0.00125990290616958,0.00287726814614277,-8.803821733324e-05
-0.00126020367053554,0.00287421221050795,-8.9223761298847e-05
-0.00126047826997644,0.00287118038987435,-9.03815529113884e-05
-0.00126072731460487,0.00286817244482141,-9.15122029886012e-05
-0.00126095140227811,0.00286518813917539,-9.26163091157262e-05
-0.00126115111882942,0.00286222723994295,-9.36944559245674e-05
-0.00126132703829505,0.00285928951724645,-9.47472153668226e-05
-0.00126147972313708,0.0028563747442608,-9.57751469818064e-05
-0.00126160972446223,0.00285348269715175,-9.6778798158687e-05
-0.00126171758223665,0.00285061315501583,-9.77587043933152e-05
-0.00126180382549675,0.00284776589982157,-9.87153895397862e-05
-0.00126186897255626,0.00284494071635229,-9.96493660568424e-05
-0.0012619135312094,0.00284213739215022,-0.00010056113524917
-0.00126193799893037,0.00283935571746191,-0.000101451187503778
-0.00126194286306921,0.00283659548518511,-0.000102320002521464
-0.00126192860104404,0.00283385649081673,-0.00010316804954354
-0.0012618956805298,0.00283113853240229,-0.00010399578757387
-0.00126184455964347,0.00282844141048641,-0.000104803665596336
-0.00126177568712599,0.00282576492806456,-0.000105592122787809
-0.00126168950252074,0.00282310889053601,-0.000106361588726729
-0.00126158643634882,0.00282047310565786,-0.00010711248359738
-0.00126146691028108,0.00281785738350022,-0.000107845218389929
-0.00126133133730698,0.00281526153640243,-0.000108560195096338
-0.00126118012190035,0.00281268537893039,-0.000109257806902227
-0.00126101366018212,0.00281012872783485,-0.000109938438374752
-0.00126083234008004,0.0028075914020108,-0.000110602465646608
-0.00126063654148548,0.00280507322245771,-0.000111250256596201
-0.00126042663640729,0.00280257401224084,-0.000111882171024101
-0.00126020298912293,0.00280009359645344,-0.000112498560825825
-0.00125996595632669,0.00279763180217981,-0.000113099770161032
-0.00125971588727524,0.00279518845845933,-0.000113686135619211
-0.00125945312393057,0.0027927633962513,-0.000114257986381927
-0.00125917800110012,0.00279035644840062,-0.000114815644381676
-0.00125889084657447,0.00278796744960429,-0.000115359424457462
-0.00125859198126247,0.00278559623637879,-0.00011588963450712
-0.00125828171932376,0.00278324264702809,-0.000116406575636466
-0.00125796036829901,0.00278090652161255,-0.000116910542305342
-0.00125762822923762,0.00277858770191852,-0.000117401822470618
-0.00125728559682311,0.00277628603142863,-0.00011788069772621
-0.0012569327594962,0.00277400135529283,-0.000118347443440176
-0.00125656999957559,0.00277173352030012,-0.000118802328888939
-0.0012561975933765,0.0027694823748509,-0.000119245617388725
-0.00125581581132703,0.00276724776893001,-0.000119677566424229
-0.00125542491808237,0.00276502955408043,-0.000120098427774605
-0.00125502517263686,0.00276282758337753,-0.000120508447636822
-0.001254616828434,0.00276064171140402,-0.000120907866746416
-0.00125420013347438,0.00275847179422538,-0.000121296920495726
-0.00125377533042172,0.00275631768936597,-0.000121675839049655
-0.00125334265670672,0.00275417925578561,-0.000122044847458985
-0.00125290234462925,0.00275205635385683,-0.00012240416577133
-0.00125245462145837,0.00274994884534245,-0.000122754009139742
-0.00125199970953075,0.00274785659337391,-0.000123094587929049
-0.00125153782634703,0.00274577946242995,-0.000123426107819939
-0.00125106918466652,0.00274371731831586,-0.000123748769910877
-0.00125059399260015,0.00274167002814311,-0.000124062770817848
-0.00125011245370153,0.00273963746030961,-0.000124368302772015
-0.00124962476705652,0.00273761948448028,-0.000124665553715315
-0.00124913112737097,0.00273561597156816,-0.000124954707394036
-0.00124863172505689,0.00273362679371587,-0.000125235943450418
-0.00124812674631704,0.00273165182427755,-0.000125509437512317
-0.00124761637322782,0.00272969093780125,-0.000125775361280978
-0.00124710078382075,0.00272774401001162,-0.000126033882616946
-0.00124658015216235,0.002725810917793,-0.000126285165624163
-0.00124605464843254,0.00272389153917306,-0.000126529370732274
-0.00124552443900156,0.00272198575330657,-0.000126766654777207
-0.00124498968650545,0.00272009344045968,-0.000126997171080018
-0.00124445054992015,0.00271821448199454,-0.000127221069524093
-0.00124390718463418,0.00271634876035421,-0.000127438496630677
-0.00124335974251993,0.00271449615904795,-0.000127649595632825
-0.00124280837200367,0.00271265656263684,-0.000127854506547765
-0.0012422532181342,0.00271082985671966,-0.000128053366247733
-0.00124169442265023,0.00270901592791915,-0.000128246308529278
-0.00124113212404648,0.00270721466386853,-0.000128433464181118
-0.00124056645763856,0.00270542595319833,-0.000128614961050526
-0.00123999755562655,0.0027036496855235,-0.000128790924108314
-0.00123942554715754,0.00270188575143079,-0.000128961475512417
-0.00123885055838681,0.00270013404246642,-0.000129126734670131
-0.00123827271253796,0.00269839445112401,-0.00012928681829901
-0.00123769212996189,0.00269666687083274,-0.000129441840486462
-0.00123710892819467,0.00269495119594583,-0.000129591912748072
-0.00123652322201426,0.00269324732172916,-0.000129737144084673
-0.00123593512349626,0.00269155514435027,-0.000129877641038193
-0.0012353447420685,0.00268987456086741,-0.000130013507746303
-0.00123475218456464,0.00268820546921897,-0.000130144845995891
-0.00123415755527681,0.00268654776821312,-0.000130271755275387
-0.00123356095600713,0.00268490135751752,-0.000130394332825965
-0.00123296248611837,0.00268326613764942,-0.000130512673691642
-0.00123236224258356,0.00268164200996584,-0.000130626870768289
-0.00123176032003474,0.00268002887665405,-0.000130737014851604
-0.00123115681081069,0.0026784266407221,-0.000130843194684031
-0.00123055180500384,0.00267683520598968,-0.000130945497000676
-0.00122994539050623,0.0026752544770791,-0.000131044006574234
-0.00122933765305461,0.00267368435940645,-0.000131138806258932
-0.00122872867627468,0.00267212475917295,-0.000131229977033538
-0.0012281185417245,0.00267057558335642,-0.000131317598043421
-0.00122750732893706,0.00266903673970299,-0.000131401746641713
-0.00122689511546202,0.00266750813671894,-0.000131482498429577
-0.00122628197690667,0.00266598968366267,-0.000131559927295586
-0.00122566798697613,0.00266448129053682,-0.000131634105454273
-0.00122505321751271,0.00266298286808065,-0.000131705103483814
-0.00122443773853461,0.00266149432776235,-0.000131772990362916
-0.00122382161827379,0.00266001558177173,-0.000131837833506886
-0.00122320492321316,0.00265854654301288,-0.000131899698802919
-0.00122258771812307,0.00265708712509701,-0.000131958650644619
-0.00122197006609703,0.00265563724233547,-0.000132014751965761
-0.00122135202858686,0.0026541968097328,-0.000132068064273322
-0.001220733665437,0.00265276574298003,-0.000132118647679784
-0.00122011503491832,0.00265134395844796,-0.000132166560934735
-0.0012194961937612,0.00264993137318068,-0.000132211861455773
-0.00121887719718798,0.00264852790488908,-0.000132254605358739
-0.00121825809894473,0.00264713347194465,-0.000132294847487279
-0.00121763895133255,0.00264574799337318,-0.000132332641441765
-0.00121701980523812,0.00264437138884871,-0.00013236803960758
-0.00121640071016372,0.00264300357868755,-0.00013240109318277
-0.00121578171425666,0.00264164448384237,-0.000132431852205103
-0.00121516286433818,0.0026402940258964,-0.000132460365578521
-0.00121454420593167,0.00263895212705776,-0.000132486681099013
-0.00121392578329053,0.00263761871015382,-0.00013251084547992
-0.00121330763942529,0.00263629369862572,-0.000132532904376671
-0.00121268981613031,0.00263497701652291,-0.000132552902410988
-0.00121207235401001,0.00263366858849784,-0.000132570883194539
-0.00121145529250442,0.00263236833980069,-0.00013258688935208
