0.000002
-0.000010
0.000199
-0.000841
-0.000283
0.000017
-0.000004
0.000018
-0.000115
-0.000155
-0.000204
-0.000062
0.000104
-0.000069
-0.000004
-0.000002
0.000002
-0.000005
0.000002
0.000001
-0.000108
-0.000009
0.000114
0.000079
-0.000000
0.000008
-0.000006
0.000008
0.000008
-0.000004
-0.000008
0.000000
-0.000002
-0.000104
0.000821
-0.000146
-0.000006
0.000007
0.000003
0.000157
-0.000329
-0.000033
-0.000005
-0.000131
-0.000002
-0.000002
0.000002
-0.000003
-0.000003
-0.000003
-0.000002
0.000078
-0.000024
-0.000085
-0.000041
0.000002
-0.000003
0.000002
-0.000001
-0.000000
0.000013
0.000002
0.000002
-0.000014
0.000338
-0.001588
-0.000954
0.000007
-0.000017
0.000004
-0.000181
0.000261
-0.000137
-0.000435
0.000525
-0.000244
0.000009
0.000007
-0.000000
-0.000001
-0.000003
0.000053
-0.000045
0.000099
0.000206
0.000106
-0.000007
0.000012
-0.000014
0.000007
-0.000003
0.000004
-0.000018
0.000001
-0.000002
-0.000432
0.001808
0.000915
0.000008
-0.000007
0.000005
-0.000723
-0.000605
-0.000705
0.000195
0.001685
0.000476
0.000015
0.000018
-0.000001
-0.000008
-0.000012
0.000091
0.000321
-0.000309
-0.000153
-0.000526
0.000018
-0.000021
0.000005
0.000028
0.000006
0.000018
-0.000028
0.000002
-0.000005
-0.000165
0.001842
0.000330
0.000029
-0.000003
0.000024
0.000761
0.000009
0.000886
-0.000085
0.000230
0.000000
-0.000002
0.000002
0.000003
-0.000018
0.000005
-0.000075
-0.000050
0.000136
-0.000429
0.000135
-0.000004
0.000005
0.000008
-0.000008
-0.000002
-0.000016
0.000013
0.000000
-0.000002
-0.000052
0.000601
-0.000531
-0.000001
0.000002
0.000001
0.000052
-0.000258
-0.000052
-0.000020
0.000207
0.000015
-0.000000
0.000002
-0.000003
-0.000003
-0.000004
-0.000021
0.000038
-0.000013
-0.000041
-0.000041
0.000003
-0.000001
0.000003
0.000001
0.000001
0.000003
0.000006
0.000002
-0.000014
0.000339
-0.001568
0.000587
0.000001
-0.000003
-0.000003
-0.000563
0.000047
-0.000331
0.000344
0.000216
0.000319
0.000006
0.000007
-0.000003
0.000003
-0.000012
0.000121
-0.000137
0.000238
0.000010
0.000389
0.000012
0.000006
-0.000001
-0.000003
-0.000010
0.000010
-0.000009
0.000000
-0.000000
-0.000113
0.000912
-0.000700
0.000006
0.000004
0.000006
-0.000273
-0.000358
-0.000271
0.000941
0.000357
0.000695
0.000002
0.000004
-0.000002
-0.000006
-0.000001
0.000113
0.000141
-0.000044
-0.000064
-0.000096
0.000000
-0.000009
-0.000005
0.000008
0.000000
0.000004
-0.000010
0.000001
-0.000004
0.000089
-0.000344
0.000708
-0.000001
-0.000005
-0.000001
0.000038
0.000034
0.000038
-0.000106
-0.000342
-0.000165
0.000003
0.000001
-0.000001
-0.000002
0.000001
-0.000014
-0.000035
0.000028
0.000067
-0.000001
0.000004
0.000004
-0.000000
0.000002
-0.000003
0.000003
-0.000005
0.000001
-0.000003
0.000053
-0.000245
-0.000945
-0.000001
0.000001
-0.000000
-0.000057
0.000028
-0.000028
0.000273
-0.000024
0.000184
-0.000004
-0.000002
-0.000000
0.000000
0.000001
0.000070
0.000032
0.000029
0.000007
0.000008
0.000003
0.000001
-0.000000
0.000001
-0.000001
0.000001
-0.000002
0.000001
0.000011
0.000023
-0.000006
-0.000001
-0.000004
0.000000
-0.000002
0.000015
0.000122
0.000191
-0.000003
-0.000001
-0.000002
-0.000025
0.000059
0.000003
-0.000085
-0.000040
-0.000078
-0.000001
-0.000001
-0.000000
-0.000001
0.000001
-0.000039
0.000003
-0.000028
0.000028
-0.000058
0.000001
0.000001
0.000000
0.000000
0.000000
-0.000001
0.000001
0.000001
-0.000001
-0.000004
0.000163
-0.000256
0.000002
-0.000002
0.000001
-0.000153
0.000052
-0.000074
0.000092
-0.000051
0.000052
0.000003
0.000003
-0.000001
-0.000006
0.000001
-0.000056
-0.000045
-0.000010
-0.000002
0.000037
-0.000000
0.000001
-0.000002
0.000001
-0.000001
-0.000003
0.000000
0.000000
-0.000001
-0.000092
0.000813
0.000126
0.000014
-0.000006
0.000004
-0.000538
0.000366
-0.000220
-0.000067
-0.000280
-0.000146
-0.000000
0.000002
-0.000001
-0.000006
-0.000000
-0.000256
-0.000100
-0.000121
-0.000015
-0.000018
0.000007
0.000009
-0.000009
0.000008
-0.000006
-0.000009
-0.000007
0.000004
-0.000029
-0.000048
0.000002
0.000003
0.000001
0.000000
0.000092
-0.000047
0.000006
-0.000012
0.000008
0.000006
-0.000006
0.000052
-0.000000
-0.000002
0.000001
0.000022
-0.000029
0.000069
-0.000017
0.000000
-0.000019
0.000005
0.000076
0.000075
-0.000001
-0.000014
-0.000003
0.000005
0.000024
0.000007
-0.000001
-0.000002
-0.000002
-0.000001
0.000009
-0.000037
-0.000006
0.000000
-0.000003
-0.000000
0.000002
-0.000035
0.000149
-0.000186
0.000004
0.000003
0.000003
-0.000052
0.000009
-0.000030
-0.000049
-0.000070
-0.000078
-0.000002
0.000001
-0.000002
-0.000001
-0.000000
0.000002
-0.000008
0.000007
-0.000015
0.000015
-0.000001
-0.000002
0.000001
0.000004
0.000004
-0.000006
0.000004
-0.000011
-0.000106
-0.000214
-0.000049
0.000027
-0.000025
0.045765
0.063916
0.004174
-0.005374
0.001789
-0.000095
0.000235
-0.000065
0.000278
-0.000915
0.000224
0.000533
0.000072
0.000470
0.000014
0.000020
0.000010
-0.000059
0.000006
-0.000154
-0.000217
-0.000027
0.000413
0.000036
0.000007
-0.000024
0.000002
0.000011
-0.000015
0.000035
-0.000021
