0.000002
-0.000004
-0.000020
0.000623
0.002006
0.000001
-0.000000
0.000004
0.000147
0.000095
0.000207
0.000383
-0.000034
0.000692
-0.000000
0.000000
-0.000006
-0.000011
-0.000000
-0.000040
0.000079
-0.000023
0.000028
-0.000090
-0.000017
-0.000006
0.000000
-0.000006
0.000000
-0.000000
0.000000
0.000001
-0.000010
0.000079
0.000113
-0.001013
0.000006
-0.000011
-0.000001
0.000377
0.000163
0.000399
-0.000146
0.000913
0.000062
-0.000006
0.000000
-0.000006
-0.000006
-0.000000
-0.000073
-0.000135
0.000051
-0.000073
0.000175
-0.000011
0.000000
-0.000000
0.000000
-0.000006
0.000000
0.000000
0.000001
-0.000004
-0.000141
0.001662
0.003123
-0.000028
0.000028
-0.000016
0.000975
-0.000929
0.000665
0.000750
-0.003168
-0.000005
0.000000
0.000017
-0.000011
-0.000023
-0.000011
-0.000529
-0.000349
-0.000208
0.000135
-0.000327
0.000006
-0.000017
0.000017
-0.000028
0.000011
-0.000017
0.000039
0.000001
0.000001
-0.000514
0.004581
0.000740
-0.000075
0.000049
-0.000045
0.003724
-0.001477
0.002474
0.001971
-0.007119
-0.000001
-0.000011
0.000011
-0.000017
-0.000039
0.000017
0.000225
-0.000006
0.000315
-0.001183
0.001195
-0.000023
-0.000039
0.000034
-0.000090
-0.000023
0.000079
0.000023
-0.000001
-0.000013
0.000209
-0.000823
-0.002321
0.000016
0.000000
0.000020
-0.000203
-0.000034
-0.000170
-0.000129
-0.000811
-0.000643
-0.000000
-0.000006
0.000006
0.000006
-0.000023
0.000096
0.000107
0.000028
0.000141
0.000017
0.000017
0.000000
0.000011
0.000017
0.000006
-0.000017
0.000023
-0.000001
-0.000013
0.000041
0.001101
0.003146
-0.000005
-0.000017
-0.000011
0.000840
-0.000051
0.000682
0.000040
-0.001358
-0.000530
0.000006
0.000000
-0.000000
-0.000006
0.000006
-0.000090
-0.000056
0.000039
-0.000226
0.000209
-0.000006
-0.000006
-0.000000
-0.000011
-0.000011
0.000011
0.000006
0.000012
-0.000061
0.001690
-0.008539
-0.006326
-0.000032
0.000056
-0.000015
0.002306
-0.003607
0.000729
-0.000138
0.008763
0.002258
0.000028
0.000045
0.000011
-0.000022
-0.000011
-0.001291
-0.001155
-0.000164
0.002119
-0.000772
0.000062
0.000006
0.000000
0.000017
-0.000068
0.000113
-0.000101
0.000004
-0.000013
-0.000542
0.004085
-0.005426
0.000011
0.000060
0.000011
-0.000141
-0.002965
-0.000750
-0.003152
0.007123
-0.000328
-0.000011
0.000017
-0.000017
-0.000006
-0.000023
0.000625
0.000783
-0.000349
-0.000175
-0.000947
0.000062
-0.000028
0.000039
0.000045
-0.000006
0.000056
-0.000045
0.000007
-0.000021
0.000321
-0.001494
-0.006460
-0.000002
-0.000011
-0.000007
0.000726
-0.000248
0.000535
-0.001150
0.002205
0.000017
0.000000
0.000000
0.000000
-0.000000
0.000011
-0.000158
-0.000073
-0.000113
0.000411
-0.000395
0.000000
0.000000
0.000006
-0.000006
-0.000011
0.000017
0.000000
-0.000001
-0.000012
0.000360
-0.001213
0.006535
0.000001
-0.000000
-0.000000
-0.000231
-0.000057
-0.000170
0.000027
-0.003191
-0.000785
-0.000006
-0.000006
-0.000006
0.000000
-0.000011
0.000237
0.000056
0.000231
0.000214
0.000051
0.000023
-0.000000
-0.000000
0.000000
-0.000011
0.000028
-0.000023
0.000011
0.000405
0.000688
-0.000039
-0.000068
-0.000039
0.000006
-0.000016
-0.000198
0.003567
-0.001920
-0.000033
0.000017
-0.000018
-0.000614
-0.001149
-0.000694
0.001856
-0.001791
0.000604
0.000017
0.000023
-0.000011
-0.000039
0.000017
0.000152
0.000377
-0.000197
0.000034
-0.000563
-0.000011
-0.000023
-0.000017
-0.000000
-0.000011
0.000023
-0.000045
0.000008
-0.000037
0.000739
-0.002283
-0.000076
-0.000022
0.000022
-0.000006
-0.000765
-0.001691
-0.001014
-0.000794
-0.003263
-0.001583
0.000006
0.000028
-0.000011
0.000011
-0.000028
0.000011
-0.000581
0.000366
0.000017
0.000800
0.000017
0.000028
0.000028
-0.000023
-0.000006
0.000034
0.000028
0.000019
-0.000088
-0.000958
0.001209
0.008485
0.000005
-0.000003
0.000006
-0.000276
-0.004367
-0.001651
-0.003534
0.008704
0.000654
0.000039
0.000135
-0.000051
-0.000028
-0.000146
0.001308
0.002237
-0.000569
-0.000198
-0.002214
0.000124
-0.000225
0.000039
0.000214
0.000068
0.000231
-0.000096
0.000006
0.000074
0.000124
0.000017
-0.000006
0.000017
0.000007
0.000074
0.000146
0.000006
0.000006
0.000011
0.000000
0.000023
-0.000270
0.000011
0.000006
0.000011
0.000012
-0.000106
-0.000225
-0.000006
-0.000006
-0.000006
0.000011
0.000011
-0.000124
0.000039
-0.000034
0.000011
0.000039
-0.000040
-0.000694
0.000017
-0.000017
0.000006
0.000023
0.000169
-0.000739
-0.000073
0.000006
-0.000051
0.245370
0.360411
0.020129
-0.017153
0.007239
-0.000404
0.001113
0.000078
0.000409
-0.003386
-0.000846
0.000167
0.000287
0.000265
0.000006
0.000073
-0.000045
-0.000079
-0.000056
-0.000085
-0.000524
0.000293
0.000429
0.000445
0.000039
-0.000051
0.000017
-0.000000
-0.000028
0.000152
-0.000068
0.000358
0.001167
-0.000744
0.000473
-0.000044
0.000343
-0.000002
0.000008
-0.000151
0.001091
-0.003392
-0.000015
0.000016
0.000002
0.000086
-0.000035
-0.000026
-0.001492
-0.000909
-0.001379
0.000000
0.000006
-0.000017
-0.000028
0.000011
0.000045
-0.000005
0.000113
0.000028
0.000006
-0.000000
-0.000011
0.000000
0.000006
0.000011
-0.000011
0.000006
