0.000007
-0.000045
0.000898
-0.003794
-0.001274
0.000074
-0.000019
0.000083
-0.000520
-0.000700
-0.000920
-0.000281
0.000469
-0.000308
-0.000018
-0.000009
0.000009
-0.000023
0.000009
0.000005
-0.000488
-0.000042
0.000515
0.000354
0.000000
0.000037
-0.000028
0.000037
0.000037
-0.000018
-0.000037
0.000002
-0.000007
-0.000470
0.003702
-0.000663
-0.000023
0.000033
0.000008
0.000713
-0.001481
-0.000153
-0.000018
-0.000589
-0.000015
-0.000009
0.000009
-0.000014
-0.000014
-0.000014
-0.000009
0.000350
-0.000110
-0.000382
-0.000184
0.000009
-0.000014
0.000009
-0.000005
0.000000
0.000060
0.000009
0.000010
-0.000064
0.001524
-0.007163
-0.004306
0.000029
-0.000079
0.000019
-0.000818
0.001177
-0.000616
-0.001964
0.002369
-0.001100
0.000041
0.000032
-0.000000
-0.000005
-0.000014
0.000239
-0.000202
0.000446
0.000929
0.000478
-0.000032
0.000055
-0.000064
0.000032
-0.000014
0.000018
-0.000083
0.000002
-0.000008
-0.001948
0.008156
0.004127
0.000036
-0.000033
0.000022
-0.003263
-0.002728
-0.003180
0.000879
0.007600
0.002149
0.000069
0.000083
-0.000005
-0.000037
-0.000055
0.000409
0.001449
-0.001394
-0.000690
-0.002374
0.000083
-0.000097
0.000023
0.000124
0.000028
0.000083
-0.000124
0.000009
-0.000024
-0.000744
0.008310
0.001486
0.000128
-0.000013
0.000111
0.003432
0.000042
0.003998
-0.000387
0.001035
0.000000
-0.000009
0.000009
0.000014
-0.000083
0.000023
-0.000340
-0.000225
0.000612
-0.001937
0.000607
-0.000018
0.000023
0.000037
-0.000037
-0.000009
-0.000074
0.000060
0.000000
-0.000009
-0.000233
0.002712
-0.002397
-0.000004
0.000009
0.000005
0.000235
-0.001164
-0.000234
-0.000092
0.000934
0.000069
0.000000
0.000009
-0.000014
-0.000014
-0.000018
-0.000097
0.000170
-0.000060
-0.000184
-0.000184
0.000014
-0.000005
0.000014
0.000005
0.000005
0.000014
0.000028
0.000011
-0.000062
0.001528
-0.007072
0.002650
0.000005
-0.000014
-0.000014
-0.002540
0.000212
-0.001491
0.001550
0.000976
0.001440
0.000028
0.000032
-0.000014
0.000014
-0.000055
0.000548
-0.000616
0.001072
0.000046
0.001753
0.000055
0.000028
-0.000005
-0.000014
-0.000046
0.000046
-0.000041
0.000002
-0.000002
-0.000511
0.004112
-0.003156
0.000030
0.000017
0.000024
-0.001231
-0.001616
-0.001224
0.004247
0.001611
0.003133
0.000009
0.000018
-0.000009
-0.000028
-0.000005
0.000511
0.000635
-0.000198
-0.000290
-0.000432
-0.000000
-0.000041
-0.000023
0.000037
0.000000
0.000018
-0.000046
0.000004
-0.000019
0.000400
-0.001552
0.003192
-0.000002
-0.000021
-0.000006
0.000174
0.000153
0.000170
-0.000479
-0.001545
-0.000746
0.000014
0.000005
-0.000005
-0.000009
0.000005
-0.000064
-0.000156
0.000124
0.000304
-0.000005
0.000018
0.000018
-0.000000
0.000009
-0.000014
0.000014
-0.000023
0.000005
-0.000013
0.000239
-0.001105
-0.004265
-0.000006
0.000004
-0.000001
-0.000258
0.000128
-0.000125
0.001233
-0.000106
0.000832
-0.000018
-0.000009
0.000000
-0.000000
0.000005
0.000318
0.000143
0.000129
0.000032
0.000037
0.000014
0.000005
-0.000000
0.000005
-0.000005
0.000005
-0.000009
0.000004
0.000049
0.000105
-0.000028
-0.000004
-0.000018
0.000001
-0.000008
0.000069
0.000552
0.000860
-0.000014
-0.000005
-0.000009
-0.000115
0.000267
0.000014
-0.000386
-0.000179
-0.000349
-0.000005
-0.000005
0.000000
-0.000005
0.000005
-0.000175
0.000014
-0.000124
0.000124
-0.000262
0.000005
0.000005
0.000000
0.000000
0.000000
-0.000005
0.000005
0.000003
-0.000006
-0.000016
0.000734
-0.001154
0.000010
-0.000011
0.000004
-0.000689
0.000234
-0.000336
0.000415
-0.000230
0.000234
0.000014
0.000014
-0.000005
-0.000028
0.000005
-0.000253
-0.000202
-0.000046
-0.000009
0.000166
-0.000000
0.000005
-0.000009
0.000005
-0.000005
-0.000014
0.000000
0.000002
-0.000002
-0.000413
0.003668
0.000567
0.000065
-0.000028
0.000018
-0.002425
0.001651
-0.000994
-0.000304
-0.001265
-0.000658
0.000000
0.000009
-0.000005
-0.000028
0.000000
-0.001155
-0.000451
-0.000548
-0.000069
-0.000083
0.000032
0.000041
-0.000041
0.000037
-0.000028
-0.000041
-0.000032
0.000019
-0.000133
-0.000216
0.000009
0.000014
0.000005
-0.000000
0.000414
-0.000212
0.000028
-0.000055
0.000037
0.000028
-0.000027
0.000235
0.000000
-0.000009
0.000005
0.000101
-0.000133
0.000308
-0.000078
0.000000
-0.000087
0.000023
0.000341
0.000341
-0.000005
-0.000064
-0.000014
0.000023
0.000110
0.000032
-0.000005
-0.000009
-0.000009
-0.000003
0.000039
-0.000165
-0.000028
0.000000
-0.000014
-0.000001
0.000008
-0.000156
0.000672
-0.000838
0.000018
0.000014
0.000015
-0.000235
0.000042
-0.000132
-0.000221
-0.000317
-0.000349
-0.000009
0.000005
-0.000009
-0.000005
-0.000000
0.000009
-0.000037
0.000032
-0.000069
0.000069
-0.000005
-0.000009
0.000005
0.000018
0.000018
-0.000028
0.000018
-0.000050
-0.000478
-0.000966
-0.000221
0.000120
-0.000115
0.206435
0.288311
0.018826
-0.024241
0.008071
-0.000427
0.001059
-0.000294
0.001257
-0.004126
0.001008
0.002407
0.000326
0.002117
0.000064
0.000092
0.000046
-0.000267
0.000028
-0.000695
-0.000980
-0.000120
0.001863
0.000161
0.000032
-0.000110
0.000009
0.000051
-0.000069
0.000156
-0.000097
