0.000010
-0.000068
0.001365
-0.005769
-0.001938
0.000112
-0.000029
0.000126
-0.000790
-0.001064
-0.001399
-0.000427
0.000713
-0.000468
-0.000028
-0.000014
0.000014
-0.000035
0.000014
0.000007
-0.000742
-0.000063
0.000783
0.000539
0.000000
0.000056
-0.000042
0.000056
0.000056
-0.000028
-0.000056
0.000003
-0.000010
-0.000714
0.005629
-0.001008
-0.000035
0.000050
0.000012
0.001084
-0.002252
-0.000232
-0.000027
-0.000895
-0.000023
-0.000014
0.000014
-0.000021
-0.000021
-0.000021
-0.000014
0.000532
-0.000168
-0.000580
-0.000280
0.000014
-0.000021
0.000014
-0.000007
0.000000
0.000091
0.000014
0.000015
-0.000097
0.002317
-0.010891
-0.006547
0.000044
-0.000120
0.000029
-0.001244
0.001790
-0.000937
-0.002987
0.003602
-0.001672
0.000063
0.000049
-0.000000
-0.000007
-0.000021
0.000364
-0.000308
0.000679
0.001413
0.000727
-0.000049
0.000084
-0.000098
0.000049
-0.000021
0.000028
-0.000126
0.000004
-0.000013
-0.002962
0.012401
0.006275
0.000055
-0.000050
0.000034
-0.004961
-0.004148
-0.004835
0.001336
0.011556
0.003267
0.000105
0.000126
-0.000007
-0.000056
-0.000084
0.000622
0.002204
-0.002120
-0.001049
-0.003610
0.000126
-0.000147
0.000035
0.000189
0.000042
0.000126
-0.000189
0.000013
-0.000036
-0.001131
0.012635
0.002260
0.000195
-0.000020
0.000168
0.005218
0.000063
0.006079
-0.000588
0.001574
0.000000
-0.000014
0.000014
0.000021
-0.000126
0.000035
-0.000518
-0.000343
0.000930
-0.002945
0.000924
-0.000028
0.000035
0.000056
-0.000056
-0.000014
-0.000112
0.000091
0.000001
-0.000014
-0.000354
0.004123
-0.003644
-0.000007
0.000014
0.000008
0.000357
-0.001769
-0.000356
-0.000140
0.001420
0.000105
0.000000
0.000014
-0.000021
-0.000021
-0.000028
-0.000147
0.000259
-0.000091
-0.000280
-0.000280
0.000021
-0.000007
0.000021
0.000007
0.000007
0.000021
0.000042
0.000016
-0.000095
0.002323
-0.010752
0.004029
0.000007
-0.000021
-0.000021
-0.003862
0.000322
-0.002267
0.002357
0.001484
0.002190
0.000042
0.000049
-0.000021
0.000021
-0.000084
0.000833
-0.000937
0.001630
0.000070
0.002666
0.000084
0.000042
-0.000007
-0.000021
-0.000070
0.000070
-0.000063
0.000003
-0.000002
-0.000777
0.006253
-0.004799
0.000046
0.000026
0.000036
-0.001872
-0.002457
-0.001860
0.006457
0.002449
0.004764
0.000014
0.000028
-0.000014
-0.000042
-0.000007
0.000777
0.000965
-0.000301
-0.000441
-0.000657
-0.000000
-0.000063
-0.000035
0.000056
0.000000
0.000028
-0.000070
0.000006
-0.000028
0.000607
-0.002359
0.004854
-0.000003
-0.000032
-0.000009
0.000264
0.000233
0.000258
-0.000728
-0.002349
-0.001134
0.000021
0.000007
-0.000007
-0.000014
0.000007
-0.000098
-0.000238
0.000189
0.000462
-0.000007
0.000028
0.000028
-0.000000
0.000014
-0.000021
0.000021
-0.000035
0.000008
-0.000020
0.000363
-0.001680
-0.006484
-0.000009
0.000005
-0.000002
-0.000393
0.000195
-0.000190
0.001874
-0.000162
0.001265
-0.000028
-0.000014
0.000000
-0.000000
0.000007
0.000483
0.000217
0.000196
0.000049
0.000056
0.000021
0.000007
-0.000000
0.000007
-0.000007
0.000007
-0.000014
0.000005
0.000075
0.000160
-0.000042
-0.000007
-0.000028
0.000001
-0.000012
0.000104
0.000839
0.001308
-0.000021
-0.000008
-0.000014
-0.000175
0.000405
0.000021
-0.000588
-0.000273
-0.000531
-0.000007
-0.000007
0.000000
-0.000007
0.000007
-0.000266
0.000021
-0.000189
0.000189
-0.000399
0.000007
0.000007
0.000000
0.000000
0.000000
-0.000007
0.000007
0.000004
-0.000010
-0.000025
0.001115
-0.001755
0.000015
-0.000016
0.000006
-0.001048
0.000355
-0.000511
0.000630
-0.000350
0.000356
0.000021
0.000021
-0.000007
-0.000042
0.000007
-0.000385
-0.000308
-0.000070
-0.000014
0.000252
-0.000000
0.000007
-0.000014
0.000007
-0.000007
-0.000021
0.000000
0.000003
-0.000004
-0.000628
0.005577
0.000862
0.000098
-0.000043
0.000028
-0.003687
0.002511
-0.001511
-0.000462
-0.001923
-0.001001
0.000000
0.000014
-0.000007
-0.000042
0.000000
-0.001756
-0.000686
-0.000833
-0.000105
-0.000126
0.000049
0.000063
-0.000063
0.000056
-0.000042
-0.000063
-0.000049
0.000029
-0.000202
-0.000329
0.000014
0.000021
0.000007
-0.000000
0.000629
-0.000322
0.000042
-0.000084
0.000056
0.000042
-0.000041
0.000357
0.000000
-0.000014
0.000007
0.000154
-0.000203
0.000468
-0.000119
0.000000
-0.000133
0.000035
0.000518
0.000518
-0.000007
-0.000098
-0.000021
0.000035
0.000168
0.000049
-0.000007
-0.000014
-0.000014
-0.000005
0.000059
-0.000251
-0.000042
0.000000
-0.000021
-0.000001
0.000012
-0.000238
0.001022
-0.001274
0.000027
0.000022
0.000023
-0.000358
0.000064
-0.000201
-0.000336
-0.000482
-0.000530
-0.000014
0.000007
-0.000014
-0.000007
-0.000000
0.000014
-0.000056
0.000049
-0.000105
0.000105
-0.000007
-0.000014
0.000007
0.000028
0.000028
-0.000042
0.000028
-0.000076
-0.000727
-0.001469
-0.000336
0.000182
-0.000175
0.313873
0.438361
0.028624
-0.036858
0.012272
-0.000649
0.001610
-0.000447
0.001911
-0.006274
0.001533
0.003660
0.000496
0.003218
0.000098
0.000140
0.000070
-0.000406
0.000042
-0.001056
-0.001490
-0.000182
0.002833
0.000245
0.000049
-0.000168
0.000014
0.000077
-0.000105
0.000238
-0.000147
