0.000002
-0.000005
-0.000024
0.000768
0.002473
-0.000001
-0.000001
0.000007
0.000180
0.000117
0.000257
0.000471
-0.000042
0.000855
0.000000
-0.000000
-0.000007
-0.000014
-0.000000
-0.000048
0.000097
-0.000028
0.000035
-0.000111
-0.000021
-0.000007
-0.000000
-0.000007
0.000000
-0.000000
0.000000
0.000002
-0.000012
0.000097
0.000138
-0.001251
0.000009
-0.000013
-0.000003
0.000467
0.000202
0.000490
-0.000178
0.001126
0.000073
-0.000007
0.000000
-0.000007
-0.000007
-0.000000
-0.000090
-0.000167
0.000063
-0.000090
0.000215
-0.000014
0.000000
-0.000000
0.000000
-0.000007
0.000000
-0.000000
0.000001
-0.000005
-0.000173
0.002048
0.003847
-0.000035
0.000035
-0.000020
0.001201
-0.001145
0.000820
0.000923
-0.003903
-0.000006
0.000000
0.000021
-0.000014
-0.000028
-0.000014
-0.000652
-0.000430
-0.000256
0.000167
-0.000403
0.000007
-0.000021
0.000021
-0.000035
0.000014
-0.000021
0.000049
0.000001
0.000001
-0.000633
0.005645
0.000912
-0.000094
0.000061
-0.000055
0.004588
-0.001820
0.003050
0.002428
-0.008771
-0.000001
-0.000014
0.000014
-0.000021
-0.000048
0.000021
0.000277
-0.000007
0.000389
-0.001458
0.001472
-0.000028
-0.000049
0.000042
-0.000111
-0.000028
0.000097
0.000028
-0.000001
-0.000016
0.000258
-0.001013
-0.002861
0.000018
-0.000000
0.000026
-0.000252
-0.000042
-0.000209
-0.000161
-0.001001
-0.000792
-0.000000
-0.000007
0.000007
0.000007
-0.000028
0.000118
0.000132
0.000035
0.000174
0.000021
0.000021
0.000000
0.000014
0.000021
0.000007
-0.000021
0.000028
-0.000001
-0.000016
0.000051
0.001357
0.003876
-0.000007
-0.000021
-0.000012
0.001034
-0.000062
0.000842
0.000048
-0.001674
-0.000651
0.000007
-0.000000
-0.000000
-0.000007
0.000007
-0.000111
-0.000069
0.000049
-0.000278
0.000257
-0.000007
-0.000007
-0.000000
-0.000014
-0.000014
0.000014
0.000007
0.000015
-0.000075
0.002083
-0.010522
-0.007795
-0.000040
0.000068
-0.000018
0.002841
-0.004444
0.000899
-0.000171
0.010798
0.002784
0.000035
0.000056
0.000014
-0.000028
-0.000014
-0.001590
-0.001423
-0.000202
0.002611
-0.000952
0.000076
0.000007
0.000000
0.000021
-0.000083
0.000139
-0.000125
0.000005
-0.000016
-0.000668
0.005034
-0.006686
0.000014
0.000075
0.000013
-0.000173
-0.003654
-0.000925
-0.003883
0.008777
-0.000405
-0.000014
0.000021
-0.000021
-0.000007
-0.000028
0.000771
0.000965
-0.000431
-0.000215
-0.001167
0.000076
-0.000035
0.000049
0.000056
-0.000007
0.000069
-0.000056
0.000009
-0.000026
0.000396
-0.001841
-0.007960
-0.000002
-0.000013
-0.000009
0.000895
-0.000305
0.000658
-0.001416
0.002716
0.000020
0.000000
0.000000
-0.000000
-0.000000
0.000014
-0.000194
-0.000090
-0.000139
0.000507
-0.000486
-0.000000
0.000000
0.000007
-0.000007
-0.000014
0.000021
0.000000
-0.000001
-0.000015
0.000443
-0.001494
0.008052
0.000000
-0.000001
-0.000000
-0.000285
-0.000070
-0.000208
0.000034
-0.003932
-0.000966
-0.000007
-0.000007
-0.000007
0.000000
-0.000014
0.000292
0.000069
0.000285
0.000264
0.000062
0.000028
-0.000000
-0.000000
-0.000000
-0.000014
0.000035
-0.000028
0.000013
0.000499
0.000848
-0.000049
-0.000083
-0.000049
0.000007
-0.000020
-0.000243
0.004396
-0.002366
-0.000042
0.000021
-0.000021
-0.000757
-0.001416
-0.000854
0.002286
-0.002208
0.000745
0.000021
0.000028
-0.000014
-0.000049
0.000021
0.000187
0.000465
-0.000243
0.000042
-0.000694
-0.000014
-0.000028
-0.000021
-0.000000
-0.000014
0.000028
-0.000056
0.000010
-0.000045
0.000911
-0.002814
-0.000094
-0.000027
0.000028
-0.000009
-0.000942
-0.002083
-0.001251
-0.000978
-0.004020
-0.001952
0.000007
0.000035
-0.000014
0.000014
-0.000035
0.000014
-0.000715
0.000452
0.000021
0.000986
0.000021
0.000035
0.000035
-0.000028
-0.000007
0.000042
0.000035
0.000023
-0.000108
-0.001180
0.001490
0.010455
0.000006
-0.000004
0.000006
-0.000340
-0.005381
-0.002035
-0.004355
0.010726
0.000805
0.000049
0.000166
-0.000062
-0.000035
-0.000180
0.001611
0.002757
-0.000701
-0.000244
-0.002728
0.000153
-0.000278
0.000049
0.000264
0.000083
0.000285
-0.000118
0.000007
0.000090
0.000153
0.000021
-0.000007
0.000021
0.000008
0.000091
0.000180
0.000007
0.000007
0.000014
0.000000
0.000028
-0.000333
0.000014
0.000007
0.000014
0.000015
-0.000131
-0.000279
-0.000007
-0.000007
-0.000007
0.000014
0.000013
-0.000153
0.000049
-0.000042
0.000014
0.000049
-0.000049
-0.000855
0.000021
-0.000021
0.000007
0.000028
0.000209
-0.000910
-0.000090
0.000007
-0.000063
0.302346
0.444099
0.024803
-0.021136
0.008920
-0.000498
0.001371
0.000097
0.000503
-0.004172
-0.001042
0.000205
0.000354
0.000327
0.000007
0.000090
-0.000056
-0.000097
-0.000070
-0.000105
-0.000646
0.000361
0.000528
0.000548
0.000049
-0.000063
0.000021
-0.000000
-0.000035
0.000188
-0.000083
0.000442
0.001438
-0.000917
0.000582
-0.000055
0.000423
-0.000002
0.000010
-0.000186
0.001344
-0.004178
-0.000017
0.000020
0.000001
0.000107
-0.000042
-0.000034
-0.001837
-0.001119
-0.001702
0.000000
0.000007
-0.000021
-0.000035
0.000014
0.000056
-0.000007
0.000139
0.000035
0.000007
-0.000000
-0.000014
-0.000000
0.000007
0.000014
-0.000014
0.000007
