-0.000001
0.000004
-0.000077
0.000325
0.000107
-0.000004
0.000002
-0.000009
0.000046
0.000060
0.000077
0.000026
-0.000040
0.000023
0.000001
0.000001
-0.000001
0.000002
-0.000001
-0.000001
0.000042
0.000004
-0.000044
-0.000030
-0.000000
-0.000003
0.000002
-0.000003
-0.000003
0.000002
0.000003
-0.000000
0.000000
0.000041
-0.000317
0.000060
-0.000000
-0.000004
0.000002
-0.000063
0.000126
0.000016
-0.000002
0.000049
0.000005
0.000001
-0.000001
0.000001
0.000001
0.000001
0.000001
-0.000030
0.000010
0.000033
0.000016
-0.000001
0.000001
-0.000001
0.000000
-0.000000
-0.000005
-0.000001
-0.000001
0.000006
-0.000131
0.000615
0.000371
-0.000002
0.000007
-0.000002
0.000070
-0.000101
0.000053
0.000170
-0.000203
0.000095
-0.000003
-0.000003
-0.000000
0.000000
0.000001
-0.000020
0.000017
-0.000039
-0.000080
-0.000041
0.000003
-0.000005
0.000006
-0.000003
0.000001
-0.000002
0.000007
-0.000000
0.000001
0.000167
-0.000700
-0.000355
-0.000002
0.000003
-0.000003
0.000281
0.000234
0.000272
-0.000074
-0.000653
-0.000185
-0.000006
-0.000007
0.000000
0.000003
0.000005
-0.000035
-0.000124
0.000119
0.000059
0.000204
-0.000007
0.000008
-0.000002
-0.000011
-0.000002
-0.000007
0.000011
-0.000001
0.000002
0.000064
-0.000713
-0.000127
-0.000009
0.000002
-0.000011
-0.000293
-0.000003
-0.000344
0.000035
-0.000086
-0.000000
0.000001
-0.000001
-0.000001
0.000007
-0.000002
0.000029
0.000019
-0.000052
0.000166
-0.000052
0.000002
-0.000002
-0.000003
0.000003
0.000001
0.000006
-0.000005
-0.000000
0.000001
0.000020
-0.000233
0.000205
0.000002
-0.000001
-0.000002
-0.000019
0.000100
0.000019
0.000009
-0.000080
-0.000008
-0.000000
-0.000001
0.000001
0.000001
0.000002
0.000008
-0.000015
0.000005
0.000016
0.000016
-0.000001
0.000000
-0.000001
-0.000000
-0.000000
-0.000001
-0.000002
-0.000001
0.000005
-0.000131
0.000607
-0.000227
0.000000
0.000002
-0.000000
0.000219
-0.000018
0.000127
-0.000131
-0.000084
-0.000125
-0.000002
-0.000003
0.000001
-0.000001
0.000005
-0.000047
0.000053
-0.000092
-0.000004
-0.000151
-0.000005
-0.000002
0.000000
0.000001
0.000004
-0.000004
0.000004
-0.000000
0.000000
0.000044
-0.000353
0.000271
-0.000003
-0.000002
-0.000001
0.000105
0.000138
0.000106
-0.000367
-0.000138
-0.000268
-0.000001
-0.000002
0.000001
0.000002
0.000000
-0.000044
-0.000054
0.000017
0.000025
0.000037
0.000000
0.000004
0.000002
-0.000003
0.000000
-0.000002
0.000004
-0.000000
0.000002
-0.000034
0.000133
-0.000274
-0.000001
0.000002
0.000001
-0.000016
-0.000013
-0.000014
0.000040
0.000133
0.000065
-0.000001
-0.000000
0.000000
0.000001
-0.000000
0.000006
0.000013
-0.000010
-0.000026
0.000000
-0.000002
-0.000002
-0.000000
-0.000001
0.000001
-0.000001
0.000002
-0.000000
0.000001
-0.000020
0.000095
0.000367
0.000001
-0.000000
-0.000000
0.000022
-0.000011
0.000010
-0.000106
0.000009
-0.000072
0.000002
0.000001
-0.000000
0.000000
-0.000000
-0.000027
-0.000012
-0.000011
-0.000003
-0.000003
-0.000001
-0.000000
-0.000000
-0.000000
0.000000
-0.000000
0.000001
-0.000000
-0.000004
-0.000009
0.000002
0.000000
0.000002
-0.000000
0.000001
-0.000006
-0.000047
-0.000074
0.000002
0.000001
-0.000000
0.000011
-0.000023
-0.000002
0.000034
0.000016
0.000028
0.000000
0.000000
-0.000000
0.000000
-0.000000
0.000015
-0.000001
0.000011
-0.000011
0.000022
-0.000000
-0.000000
0.000000
0.000000
0.000000
0.000000
-0.000000
-0.000000
0.000001
0.000001
-0.000063
0.000098
-0.000002
0.000000
0.000001
0.000058
-0.000020
0.000030
-0.000036
0.000019
-0.000018
-0.000001
-0.000001
0.000000
0.000002
-0.000000
0.000022
0.000017
0.000004
0.000001
-0.000014
0.000000
-0.000000
0.000001
-0.000000
0.000000
0.000001
0.000000
-0.000000
0.000000
0.000035
-0.000315
-0.000049
-0.000006
0.000002
-0.000001
0.000208
-0.000142
0.000086
0.000026
0.000108
0.000058
-0.000000
-0.000001
0.000000
0.000002
-0.000000
0.000099
0.000039
0.000047
0.000006
0.000007
-0.000003
-0.000004
0.000004
-0.000003
0.000002
0.000004
0.000003
-0.000002
0.000012
0.000018
-0.000001
-0.000001
-0.000000
0.000000
-0.000035
0.000018
-0.000002
0.000005
-0.000003
-0.000002
0.000002
-0.000021
-0.000000
0.000001
-0.000000
-0.000009
0.000012
-0.000024
0.000007
0.000000
0.000007
-0.000002
-0.000029
-0.000030
0.000000
0.000006
0.000001
-0.000002
-0.000009
-0.000003
0.000000
0.000001
0.000001
0.000000
-0.000003
0.000014
0.000002
-0.000000
0.000001
0.000000
-0.000001
0.000013
-0.000058
0.000072
-0.000001
-0.000001
-0.000002
0.000020
-0.000003
0.000011
0.000019
0.000027
0.000029
0.000001
-0.000000
0.000001
0.000000
-0.000000
-0.000001
0.000003
-0.000003
0.000006
-0.000006
0.000000
0.000001
-0.000000
-0.000002
-0.000002
0.000002
-0.000002
0.000004
0.000041
0.000083
0.000019
-0.000010
0.000010
-0.017711
-0.024736
-0.001615
0.002080
-0.000694
0.000034
-0.000091
0.000028
-0.000110
0.000354
-0.000084
-0.000209
-0.000029
-0.000179
-0.000006
-0.000008
-0.000004
0.000023
-0.000002
0.000060
0.000084
0.000010
-0.000160
-0.000014
-0.000003
0.000009
-0.000001
-0.000004
0.000006
-0.000013
0.000008
