-0.000001
0.000001
0.000005
-0.000163
-0.000525
0.000000
0.000000
-0.000001
-0.000038
-0.000025
-0.000054
-0.000100
0.000009
-0.000181
0.000000
0.000000
0.000001
0.000003
0.000000
0.000010
-0.000021
0.000006
-0.000007
0.000024
0.000004
0.000001
-0.000000
0.000001
-0.000000
0.000000
-0.000000
-0.000000
0.000002
-0.000021
-0.000029
0.000265
-0.000002
0.000003
0.000000
-0.000099
-0.000043
-0.000104
0.000038
-0.000239
-0.000016
0.000001
-0.000000
0.000001
0.000001
0.000000
0.000019
0.000035
-0.000013
0.000019
-0.000046
0.000003
-0.000000
0.000000
-0.000000
0.000001
-0.000000
-0.000000
-0.000000
0.000001
0.000037
-0.000435
-0.000817
0.000007
-0.000007
0.000004
-0.000255
0.000243
-0.000174
-0.000196
0.000829
0.000001
-0.000000
-0.000004
0.000003
0.000006
0.000003
0.000139
0.000091
0.000054
-0.000035
0.000086
-0.000001
0.000004
-0.000004
0.000007
-0.000003
0.000004
-0.000010
-0.000000
-0.000000
0.000134
-0.001198
-0.000194
0.000020
-0.000013
0.000012
-0.000974
0.000386
-0.000647
-0.000515
0.001862
0.000000
0.000003
-0.000003
0.000004
0.000010
-0.000004
-0.000059
0.000002
-0.000083
0.000310
-0.000312
0.000006
0.000010
-0.000009
0.000024
0.000006
-0.000021
-0.000006
0.000000
0.000003
-0.000055
0.000215
0.000607
-0.000004
0.000000
-0.000005
0.000053
0.000009
0.000044
0.000034
0.000212
0.000168
0.000000
0.000001
-0.000001
-0.000001
0.000006
-0.000025
-0.000028
-0.000007
-0.000037
-0.000004
-0.000004
-0.000000
-0.000003
-0.000004
-0.000001
0.000004
-0.000006
0.000000
0.000003
-0.000011
-0.000288
-0.000823
0.000001
0.000004
0.000003
-0.000220
0.000013
-0.000179
-0.000010
0.000355
0.000138
-0.000001
0.000000
0.000000
0.000001
-0.000001
0.000024
0.000015
-0.000010
0.000059
-0.000055
0.000001
0.000001
0.000000
0.000003
0.000003
-0.000003
-0.000001
-0.000003
0.000016
-0.000442
0.002234
0.001655
0.000009
-0.000015
0.000004
-0.000603
0.000943
-0.000191
0.000036
-0.002292
-0.000591
-0.000007
-0.000012
-0.000003
0.000006
0.000003
0.000338
0.000302
0.000043
-0.000554
0.000202
-0.000016
-0.000001
-0.000000
-0.000004
0.000018
-0.000029
0.000027
-0.000001
0.000003
0.000142
-0.001069
0.001419
-0.000003
-0.000016
-0.000003
0.000037
0.000776
0.000196
0.000824
-0.001863
0.000086
0.000003
-0.000004
0.000004
0.000001
0.000006
-0.000164
-0.000205
0.000091
0.000046
0.000248
-0.000016
0.000007
-0.000010
-0.000012
0.000001
-0.000015
0.000012
-0.000002
0.000005
-0.000084
0.000391
0.001690
0.000000
0.000003
0.000002
-0.000190
0.000065
-0.000140
0.000301
-0.000577
-0.000004
-0.000000
-0.000000
-0.000000
0.000000
-0.000003
0.000041
0.000019
0.000029
-0.000108
0.000103
-0.000000
-0.000000
-0.000001
0.000001
0.000003
-0.000004
-0.000000
0.000000
0.000003
-0.000094
0.000317
-0.001709
-0.000000
0.000000
0.000000
0.000060
0.000015
0.000044
-0.000007
0.000835
0.000205
0.000001
0.000001
0.000001
-0.000000
0.000003
-0.000062
-0.000015
-0.000060
-0.000056
-0.000013
-0.000006
0.000000
0.000000
-0.000000
0.000003
-0.000007
0.000006
-0.000003
-0.000106
-0.000180
0.000010
0.000018
0.000010
-0.000002
0.000004
0.000052
-0.000933
0.000502
0.000009
-0.000004
0.000004
0.000161
0.000301
0.000181
-0.000485
0.000469
-0.000158
-0.000004
-0.000006
0.000003
0.000010
-0.000004
-0.000040
-0.000099
0.000052
-0.000009
0.000147
0.000003
0.000006
0.000004
0.000000
0.000003
-0.000006
0.000012
-0.000002
0.000010
-0.000193
0.000597
0.000020
0.000006
-0.000006
0.000002
0.000200
0.000442
0.000265
0.000208
0.000853
0.000414
-0.000001
-0.000007
0.000003
-0.000003
0.000007
-0.000003
0.000152
-0.000096
-0.000004
-0.000209
-0.000004
-0.000007
-0.000007
0.000006
0.000001
-0.000009
-0.000007
-0.000005
0.000023
0.000251
-0.000316
-0.002219
-0.000001
0.000001
-0.000001
0.000072
0.001142
0.000432
0.000924
-0.002277
-0.000171
-0.000010
-0.000035
0.000013
0.000007
0.000038
-0.000342
-0.000585
0.000149
0.000052
0.000579
-0.000032
0.000059
-0.000010
-0.000056
-0.000018
-0.000060
0.000025
-0.000002
-0.000019
-0.000032
-0.000004
0.000001
-0.000004
-0.000002
-0.000019
-0.000038
-0.000001
-0.000001
-0.000003
-0.000000
-0.000006
0.000071
-0.000003
-0.000001
-0.000003
-0.000003
0.000028
0.000059
0.000001
0.000001
0.000001
-0.000003
-0.000003
0.000032
-0.000010
0.000009
-0.000003
-0.000010
0.000010
0.000181
-0.000004
0.000004
-0.000001
-0.000006
-0.000044
0.000193
0.000019
-0.000001
0.000013
-0.064182
-0.094274
-0.005265
0.004487
-0.001894
0.000106
-0.000291
-0.000021
-0.000107
0.000886
0.000221
-0.000044
-0.000075
-0.000069
-0.000001
-0.000019
0.000012
0.000021
0.000015
0.000022
0.000137
-0.000077
-0.000112
-0.000116
-0.000010
0.000013
-0.000004
0.000000
0.000007
-0.000040
0.000018
-0.000094
-0.000305
0.000195
-0.000124
0.000012
-0.000090
0.000000
-0.000002
0.000039
-0.000285
0.000887
0.000004
-0.000004
-0.000000
-0.000023
0.000009
0.000007
0.000390
0.000238
0.000361
-0.000000
-0.000001
0.000004
0.000007
-0.000003
-0.000012
0.000001
-0.000029
-0.000007
-0.000001
0.000000
0.000003
-0.000000
-0.000001
-0.000003
0.000003
-0.000001
