-0.000000
0.000000
0.000002
-0.000071
-0.000229
0.000000
0.000000
-0.000001
-0.000017
-0.000011
-0.000024
-0.000044
0.000004
-0.000079
-0.000000
0.000000
0.000001
0.000001
0.000000
0.000004
-0.000009
0.000003
-0.000003
0.000010
0.000002
0.000001
-0.000000
0.000001
-0.000000
0.000000
-0.000000
-0.000000
0.000001
-0.000009
-0.000013
0.000116
-0.000001
0.000001
0.000000
-0.000043
-0.000019
-0.000045
0.000017
-0.000104
-0.000007
0.000001
-0.000000
0.000001
0.000001
0.000000
0.000008
0.000015
-0.000006
0.000008
-0.000020
0.000001
-0.000000
0.000000
-0.000000
0.000001
-0.000000
-0.000000
-0.000000
0.000001
0.000016
-0.000190
-0.000356
0.000003
-0.000003
0.000002
-0.000111
0.000106
-0.000076
-0.000086
0.000361
0.000001
-0.000000
-0.000002
0.000001
0.000003
0.000001
0.000060
0.000040
0.000024
-0.000015
0.000037
-0.000001
0.000002
-0.000002
0.000003
-0.000001
0.000002
-0.000004
-0.000000
-0.000000
0.000059
-0.000523
-0.000084
0.000009
-0.000006
0.000005
-0.000425
0.000168
-0.000282
-0.000225
0.000812
0.000000
0.000001
-0.000001
0.000002
0.000004
-0.000002
-0.000026
0.000001
-0.000036
0.000135
-0.000136
0.000003
0.000005
-0.000004
0.000010
0.000003
-0.000009
-0.000003
0.000000
0.000001
-0.000024
0.000094
0.000265
-0.000002
0.000000
-0.000002
0.000023
0.000004
0.000019
0.000015
0.000093
0.000073
0.000000
0.000001
-0.000001
-0.000001
0.000003
-0.000011
-0.000012
-0.000003
-0.000016
-0.000002
-0.000002
-0.000000
-0.000001
-0.000002
-0.000001
0.000002
-0.000003
0.000000
0.000001
-0.000005
-0.000126
-0.000359
0.000001
0.000002
0.000001
-0.000096
0.000006
-0.000078
-0.000005
0.000155
0.000060
-0.000001
0.000000
0.000000
0.000001
-0.000001
0.000010
0.000006
-0.000005
0.000026
-0.000024
0.000001
0.000001
0.000000
0.000001
0.000001
-0.000001
-0.000001
-0.000001
0.000007
-0.000193
0.000974
0.000722
0.000004
-0.000006
0.000002
-0.000263
0.000412
-0.000083
0.000016
-0.001000
-0.000258
-0.000003
-0.000005
-0.000001
0.000003
0.000001
0.000147
0.000132
0.000019
-0.000242
0.000088
-0.000007
-0.000001
-0.000000
-0.000002
0.000008
-0.000013
0.000012
-0.000000
0.000001
0.000062
-0.000466
0.000619
-0.000001
-0.000007
-0.000001
0.000016
0.000338
0.000086
0.000360
-0.000813
0.000037
0.000001
-0.000002
0.000002
0.000001
0.000003
-0.000071
-0.000089
0.000040
0.000020
0.000108
-0.000007
0.000003
-0.000005
-0.000005
0.000001
-0.000006
0.000005
-0.000001
0.000002
-0.000037
0.000170
0.000737
0.000000
0.000001
0.000001
-0.000083
0.000028
-0.000061
0.000131
-0.000252
-0.000002
-0.000000
-0.000000
-0.000000
0.000000
-0.000001
0.000018
0.000008
0.000013
-0.000047
0.000045
-0.000000
-0.000000
-0.000001
0.000001
0.000001
-0.000002
-0.000000
0.000000
0.000001
-0.000041
0.000138
-0.000746
-0.000000
0.000000
0.000000
0.000026
0.000006
0.000019
-0.000003
0.000364
0.000089
0.000001
0.000001
0.000001
-0.000000
0.000001
-0.000027
-0.000006
-0.000026
-0.000024
-0.000006
-0.000003
0.000000
0.000000
-0.000000
0.000001
-0.000003
0.000003
-0.000001
-0.000046
-0.000078
0.000004
0.000008
0.000004
-0.000001
0.000002
0.000023
-0.000407
0.000219
0.000004
-0.000002
0.000002
0.000070
0.000131
0.000079
-0.000212
0.000204
-0.000069
-0.000002
-0.000003
0.000001
0.000005
-0.000002
-0.000017
-0.000043
0.000022
-0.000004
0.000064
0.000001
0.000003
0.000002
0.000000
0.000001
-0.000003
0.000005
-0.000001
0.000004
-0.000084
0.000261
0.000009
0.000003
-0.000003
0.000001
0.000087
0.000193
0.000116
0.000091
0.000372
0.000181
-0.000001
-0.000003
0.000001
-0.000001
0.000003
-0.000001
0.000066
-0.000042
-0.000002
-0.000091
-0.000002
-0.000003
-0.000003
0.000003
0.000001
-0.000004
-0.000003
-0.000002
0.000010
0.000109
-0.000138
-0.000968
-0.000001
0.000000
-0.000001
0.000032
0.000498
0.000188
0.000403
-0.000993
-0.000075
-0.000004
-0.000015
0.000006
0.000003
0.000017
-0.000149
-0.000255
0.000065
0.000023
0.000253
-0.000014
0.000026
-0.000004
-0.000024
-0.000008
-0.000026
0.000011
-0.000001
-0.000008
-0.000014
-0.000002
0.000001
-0.000002
-0.000001
-0.000008
-0.000017
-0.000001
-0.000001
-0.000001
-0.000000
-0.000003
0.000031
-0.000001
-0.000001
-0.000001
-0.000001
0.000012
0.000026
0.000001
0.000001
0.000001
-0.000001
-0.000001
0.000014
-0.000004
0.000004
-0.000001
-0.000004
0.000005
0.000079
-0.000002
0.000002
-0.000001
-0.000003
-0.000019
0.000084
0.000008
-0.000001
0.000006
-0.027995
-0.041120
-0.002297
0.001957
-0.000826
0.000046
-0.000127
-0.000009
-0.000047
0.000386
0.000096
-0.000019
-0.000033
-0.000030
-0.000001
-0.000008
0.000005
0.000009
0.000006
0.000010
0.000060
-0.000033
-0.000049
-0.000051
-0.000005
0.000006
-0.000002
0.000000
0.000003
-0.000017
0.000008
-0.000041
-0.000133
0.000085
-0.000054
0.000005
-0.000039
0.000000
-0.000001
0.000017
-0.000124
0.000387
0.000002
-0.000002
-0.000000
-0.000010
0.000004
0.000003
0.000170
0.000104
0.000157
-0.000000
-0.000001
0.000002
0.000003
-0.000001
-0.000005
0.000001
-0.000013
-0.000003
-0.000001
0.000000
0.000001
-0.000000
-0.000001
-0.000001
0.000001
-0.000001
