-0.000002
0.000010
-0.000203
0.000857
0.000287
-0.000016
0.000005
-0.000019
0.000118
0.000158
0.000207
0.000064
-0.000106
0.000068
0.000004
0.000002
-0.000002
0.000005
-0.000002
-0.000001
0.000110
0.000009
-0.000116
-0.000080
-0.000000
-0.000008
0.000006
-0.000008
-0.000008
0.000004
0.000008
-0.000000
0.000001
0.000106
-0.000836
0.000151
0.000004
-0.000008
-0.000001
-0.000162
0.000334
0.000035
0.000003
0.000132
0.000005
0.000002
-0.000002
0.000003
0.000003
0.000003
0.000002
-0.000079
0.000025
0.000086
0.000042
-0.000002
0.000003
-0.000002
0.000001
-0.000000
-0.000014
-0.000002
-0.000002
0.000015
-0.000344
0.001618
0.000973
-0.000006
0.000018
-0.000004
0.000185
-0.000266
0.000139
0.000445
-0.000535
0.000249
-0.000009
-0.000007
-0.000000
0.000001
0.000003
-0.000054
0.000046
-0.000101
-0.000210
-0.000108
0.000007
-0.000012
0.000015
-0.000007
0.000003
-0.000004
0.000019
-0.000001
0.000002
0.000440
-0.001843
-0.000933
-0.000008
0.000008
-0.000005
0.000738
0.000616
0.000718
-0.000198
-0.001718
-0.000486
-0.000016
-0.000019
0.000001
0.000008
0.000013
-0.000092
-0.000327
0.000315
0.000156
0.000536
-0.000019
0.000022
-0.000005
-0.000028
-0.000006
-0.000019
0.000028
-0.000002
0.000005
0.000168
-0.001878
-0.000336
-0.000028
0.000003
-0.000026
-0.000775
-0.000009
-0.000904
0.000088
-0.000233
-0.000000
0.000002
-0.000002
-0.000003
0.000019
-0.000005
0.000077
0.000051
-0.000138
0.000438
-0.000137
0.000004
-0.000005
-0.000008
0.000008
0.000002
0.000017
-0.000013
-0.000000
0.000002
0.000053
-0.000613
0.000541
0.000001
-0.000002
-0.000002
-0.000053
0.000263
0.000052
0.000021
-0.000211
-0.000016
-0.000000
-0.000002
0.000003
0.000003
0.000004
0.000022
-0.000038
0.000014
0.000042
0.000042
-0.000003
0.000001
-0.000003
-0.000001
-0.000001
-0.000003
-0.000006
-0.000002
0.000014
-0.000345
0.001598
-0.000599
-0.000001
0.000003
0.000003
0.000574
-0.000048
0.000336
-0.000350
-0.000221
-0.000326
-0.000006
-0.000007
0.000003
-0.000003
0.000012
-0.000124
0.000139
-0.000242
-0.000010
-0.000396
-0.000012
-0.000006
0.000001
0.000003
0.000010
-0.000010
0.000009
-0.000000
0.000000
0.000115
-0.000929
0.000713
-0.000007
-0.000004
-0.000005
0.000278
0.000365
0.000277
-0.000960
-0.000364
-0.000708
-0.000002
-0.000004
0.000002
0.000006
0.000001
-0.000115
-0.000143
0.000045
0.000066
0.000098
0.000000
0.000009
0.000005
-0.000008
-0.000000
-0.000004
0.000010
-0.000001
0.000004
-0.000090
0.000351
-0.000721
0.000000
0.000005
0.000002
-0.000039
-0.000035
-0.000038
0.000108
0.000349
0.000169
-0.000003
-0.000001
0.000001
0.000002
-0.000001
0.000015
0.000035
-0.000028
-0.000069
0.000001
-0.000004
-0.000004
0.000000
-0.000002
0.000003
-0.000003
0.000005
-0.000001
0.000003
-0.000054
0.000250
0.000964
0.000001
-0.000001
0.000000
0.000058
-0.000029
0.000028
-0.000279
0.000024
-0.000188
0.000004
0.000002
-0.000000
0.000000
-0.000001
-0.000072
-0.000032
-0.000029
-0.000007
-0.000008
-0.000003
-0.000001
0.000000
-0.000001
0.000001
-0.000001
0.000002
-0.000001
-0.000011
-0.000024
0.000006
0.000001
0.000004
-0.000000
0.000002
-0.000016
-0.000125
-0.000194
0.000003
0.000001
0.000002
0.000026
-0.000060
-0.000004
0.000088
0.000041
0.000078
0.000001
0.000001
-0.000000
0.000001
-0.000001
0.000040
-0.000003
0.000028
-0.000028
0.000059
-0.000001
-0.000001
-0.000000
-0.000000
0.000000
0.000001
-0.000001
-0.000001
0.000001
0.000004
-0.000166
0.000261
-0.000003
0.000002
-0.000001
0.000155
-0.000053
0.000076
-0.000094
0.000052
-0.000052
-0.000003
-0.000003
0.000001
0.000006
-0.000001
0.000057
0.000046
0.000010
0.000002
-0.000037
0.000000
-0.000001
0.000002
-0.000001
0.000001
0.000003
0.000000
-0.000000
0.000001
0.000093
-0.000829
-0.000128
-0.000015
0.000006
-0.000004
0.000548
-0.000373
0.000225
0.000069
0.000286
0.000149
-0.000000
-0.000002
0.000001
0.000006
-0.000000
0.000261
0.000102
0.000124
0.000016
0.000019
-0.000007
-0.000009
0.000009
-0.000008
0.000006
0.000009
0.000007
-0.000004
0.000030
0.000049
-0.000002
-0.000003
-0.000001
0.000000
-0.000093
0.000048
-0.000006
0.000012
-0.000008
-0.000006
0.000006
-0.000053
-0.000000
0.000002
-0.000001
-0.000023
0.000030
-0.000069
0.000018
0.000000
0.000020
-0.000005
-0.000077
-0.000077
0.000001
0.000015
0.000003
-0.000005
-0.000025
-0.000007
0.000001
0.000002
0.000002
0.000001
-0.000009
0.000037
0.000006
-0.000000
0.000003
0.000000
-0.000002
0.000035
-0.000152
0.000189
-0.000004
-0.000003
-0.000004
0.000053
-0.000009
0.000030
0.000050
0.000072
0.000079
0.000002
-0.000001
0.000002
0.000001
-0.000000
-0.000002
0.000008
-0.000007
0.000016
-0.000016
0.000001
0.000002
-0.000001
-0.000004
-0.000004
0.000006
-0.000004
0.000011
0.000108
0.000218
0.000050
-0.000027
0.000026
-0.046643
-0.065142
-0.004254
0.005477
-0.001824
0.000096
-0.000239
0.000067
-0.000285
0.000932
-0.000227
-0.000545
-0.000074
-0.000477
-0.000015
-0.000021
-0.000010
0.000060
-0.000006
0.000157
0.000221
0.000027
-0.000421
-0.000036
-0.000007
0.000025
-0.000002
-0.000011
0.000016
-0.000035
0.000022
