-0.000000
0.000001
0.000003
-0.000084
-0.000272
0.000001
0.000000
-0.000001
-0.000019
-0.000013
-0.000029
-0.000051
0.000005
-0.000095
-0.000000
0.000000
0.000001
0.000002
0.000000
0.000005
-0.000011
0.000003
-0.000004
0.000012
0.000002
0.000001
0.000000
0.000001
0.000000
0.000000
-0.000000
-0.000000
0.000001
-0.000011
-0.000015
0.000138
-0.000002
0.000001
0.000001
-0.000052
-0.000023
-0.000053
0.000018
-0.000124
-0.000007
0.000001
0.000000
0.000001
0.000001
0.000000
0.000010
0.000018
-0.000007
0.000010
-0.000024
0.000002
-0.000000
-0.000000
0.000000
0.000001
-0.000000
0.000000
-0.000000
0.000001
0.000019
-0.000224
-0.000421
0.000004
-0.000004
0.000002
-0.000132
0.000125
-0.000090
-0.000100
0.000427
0.000001
0.000000
-0.000002
0.000001
0.000003
0.000002
0.000072
0.000047
0.000028
-0.000018
0.000044
-0.000001
0.000002
-0.000002
0.000004
-0.000002
0.000002
-0.000005
-0.000000
-0.000000
0.000069
-0.000618
-0.000100
0.000011
-0.000007
0.000006
-0.000502
0.000199
-0.000335
-0.000265
0.000960
-0.000000
0.000002
-0.000002
0.000002
0.000005
-0.000002
-0.000030
0.000001
-0.000043
0.000160
-0.000161
0.000003
0.000005
-0.000005
0.000012
0.000003
-0.000011
-0.000003
0.000000
0.000002
-0.000028
0.000111
0.000314
-0.000001
0.000000
-0.000003
0.000028
0.000005
0.000022
0.000018
0.000111
0.000087
0.000000
0.000001
-0.000001
-0.000001
0.000003
-0.000013
-0.000015
-0.000004
-0.000019
-0.000002
-0.000002
0.000000
-0.000002
-0.000002
-0.000001
0.000002
-0.000003
0.000000
0.000002
-0.000006
-0.000149
-0.000425
0.000001
0.000002
0.000001
-0.000113
0.000007
-0.000093
-0.000005
0.000184
0.000071
-0.000001
0.000000
0.000000
0.000001
-0.000001
0.000012
0.000008
-0.000005
0.000030
-0.000028
0.000001
0.000001
0.000000
0.000002
0.000002
-0.000002
-0.000001
-0.000002
0.000008
-0.000228
0.001153
0.000854
0.000005
-0.000007
0.000001
-0.000311
0.000487
-0.000099
0.000019
-0.001183
-0.000305
-0.000004
-0.000006
-0.000001
0.000003
0.000002
0.000174
0.000156
0.000022
-0.000286
0.000104
-0.000008
-0.000001
0.000000
-0.000002
0.000009
-0.000015
0.000014
-0.000001
0.000002
0.000073
-0.000551
0.000733
-0.000002
-0.000008
-0.000001
0.000019
0.000400
0.000102
0.000424
-0.000961
0.000045
0.000001
-0.000002
0.000002
0.000001
0.000003
-0.000084
-0.000106
0.000047
0.000024
0.000128
-0.000008
0.000004
-0.000005
-0.000006
0.000001
-0.000008
0.000006
-0.000001
0.000003
-0.000043
0.000202
0.000872
-0.000000
0.000001
0.000001
-0.000098
0.000033
-0.000072
0.000155
-0.000297
-0.000002
0.000000
-0.000000
0.000000
-0.000000
-0.000002
0.000021
0.000010
0.000015
-0.000056
0.000053
0.000000
-0.000000
-0.000001
0.000001
0.000002
-0.000002
-0.000000
0.000000
0.000002
-0.000049
0.000164
-0.000882
0.000000
0.000000
-0.000000
0.000031
0.000008
0.000023
-0.000004
0.000431
0.000106
0.000001
0.000001
0.000001
0.000000
0.000002
-0.000032
-0.000008
-0.000031
-0.000029
-0.000007
-0.000003
0.000000
-0.000000
0.000000
0.000002
-0.000004
0.000003
-0.000001
-0.000055
-0.000093
0.000005
0.000009
0.000005
-0.000001
0.000002
0.000027
-0.000481
0.000259
0.000005
-0.000002
0.000002
0.000083
0.000155
0.000093
-0.000250
0.000242
-0.000082
-0.000002
-0.000003
0.000002
0.000005
-0.000002
-0.000020
-0.000051
0.000027
-0.000005
0.000076
0.000002
0.000003
0.000002
0.000000
0.000002
-0.000003
0.000006
-0.000001
0.000005
-0.000100
0.000308
0.000010
0.000003
-0.000003
0.000001
0.000103
0.000228
0.000137
0.000107
0.000440
0.000215
-0.000001
-0.000004
0.000001
-0.000002
0.000004
-0.000001
0.000078
-0.000050
-0.000002
-0.000108
-0.000002
-0.000004
-0.000004
0.000003
0.000001
-0.000005
-0.000004
-0.000003
0.000012
0.000129
-0.000163
-0.001145
-0.000001
0.000000
-0.000000
0.000037
0.000589
0.000223
0.000477
-0.001175
-0.000088
-0.000005
-0.000018
0.000007
0.000004
0.000020
-0.000177
-0.000302
0.000077
0.000027
0.000299
-0.000017
0.000030
-0.000005
-0.000029
-0.000009
-0.000031
0.000013
-0.000001
-0.000010
-0.000017
-0.000002
0.000001
-0.000002
-0.000001
-0.000010
-0.000020
-0.000001
-0.000001
-0.000002
-0.000000
-0.000003
0.000036
-0.000002
-0.000001
-0.000001
-0.000002
0.000015
0.000031
0.000001
0.000001
0.000001
-0.000001
-0.000001
0.000017
-0.000005
0.000005
-0.000001
-0.000005
0.000005
0.000094
-0.000002
0.000002
-0.000001
-0.000003
-0.000023
0.000100
0.000010
-0.000001
0.000007
-0.033117
-0.048643
-0.002717
0.002315
-0.000977
0.000055
-0.000150
-0.000011
-0.000055
0.000457
0.000114
-0.000022
-0.000039
-0.000036
-0.000001
-0.000010
0.000006
0.000011
0.000008
0.000011
0.000071
-0.000040
-0.000058
-0.000060
-0.000005
0.000007
-0.000002
0.000000
0.000004
-0.000021
0.000009
-0.000048
-0.000158
0.000100
-0.000064
0.000006
-0.000046
0.000000
-0.000001
0.000020
-0.000147
0.000457
0.000001
-0.000002
0.000001
-0.000013
0.000004
0.000005
0.000200
0.000122
0.000187
-0.000000
-0.000001
0.000002
0.000004
-0.000002
-0.000006
0.000001
-0.000015
-0.000004
-0.000001
0.000000
0.000002
0.000000
-0.000001
-0.000002
0.000002
-0.000001
